=======================================
CPU DUMP CALL #1
Line: Before processing file
------------NO_ERRORS----------

=======================================

=======================================
CPU DUMP CALL #2
Line: Before processing file
------------NO_ERRORS----------

=======================================

=======================================
CPU DUMP CALL #3
Line: 4
------------NO_ERRORS----------
( 1) 147 5.000000
( 2) 147 89.000000
( 3) 147 32.000000
( 4)   0 0.000000
( 5)  10 0.000000 <-----
( 6)  10 0.000000
( 7)  10 0.000000
( 8)  66 3.000000
( 9)  66 2.000000
(10)  66 1.000000
(11)  20 0.000000
(12)  33 78.000000
(13)  33 78.000000
(14)  21 0.000000
(15)  21 0.000000
(16)  20 0.000000
(17)  33 70.000000
(18)  33 78.000000
(19)  33 73.000000
(20)  21 0.000000
(21)  21 0.000000
(22)  21 0.000000
(23)  20 0.000000
(24)  65 5.000000
(25)   9 0.000000
(26)  20 0.000000
(27)  65 5.000000
(28)  65 7.000000
(29)   9 0.000000
(30)   9 0.000000
(31)  20 0.000000
(32)  65 8.000000
(33)  33 0.000000
(34) 145 12.000000
(35)  65 8.000000
(36)  33 -1.000000
(37) 145 17.000000
(38)  65 8.000000
(39)  33 1.000000
(40) 145 24.000000
(41)  65 8.000000
(42)  33 2.000000
(43) 145 27.000000
(44)  20 0.000000
(45)  65 2.000000
(46)  65 2.000000
(47)   4 0.000000
(48)  33 4.000000
(49)  65 1.000000
(50)  65 3.000000
(51)   4 0.000000
(52)   4 0.000000
(53)   5 0.000000
(54)  66 4.000000
(55)  20 0.000000
(56)  33 -1.000000
(57)  66 8.000000
(58)  20 0.000000
(59)  33 0.000000
(60)  66 8.000000
(61)  20 0.000000
(62)  65 3.000000
(63)  33 0.000000
(64) 145 56.000000
(65) 140 59.000000
(66)  65 2.000000
(67)  33 0.000000
(68) 145 62.000000
(69)  65 2.000000
(70)  33 0.000000
(71)  65 3.000000
(72)   5 0.000000
(73)   6 0.000000
(74)  66 5.000000
(75)  33 1.000000
(76)  66 8.000000
(77)  20 0.000000
(78)  33 0.000000
(79)  65 2.000000
(80)   5 0.000000
(81)  33 2.000000
(82)  65 1.000000
(83)   4 0.000000
(84)   6 0.000000
(85)  66 5.000000
(86)  33 1.000000
(87)  66 8.000000
(88)  20 0.000000
(89)  65 1.000000
(90)  33 0.000000
(91) 145 66.000000
(92) 147 45.000000
(93)  65 4.000000
(94)  33 0.000000
(95) 141 59.000000
(96)  65 4.000000
(97)  33 0.000000
(98) 145 78.000000
(99)  65 4.000000
(100)   7 0.000000
(101)  33 0.000000
(102)  65 2.000000
(103)   5 0.000000
(104)   3 0.000000
(105)  65 1.000000
(106)  33 2.000000
(107)   4 0.000000
(108)   6 0.000000
(109)  66 5.000000
(110)  33 0.000000
(111)  65 2.000000
(112)   5 0.000000
(113)  65 4.000000
(114)   7 0.000000
(115)   5 0.000000
(116)  65 1.000000
(117)  33 2.000000
(118)   4 0.000000
(119)   6 0.000000
(120)  66 7.000000
(121)  33 2.000000
(122)  66 8.000000
(123)  20 0.000000

=======================================

=======================================
CPU DUMP CALL #4
Line: 5
------------NO_ERRORS----------
( 1) 147 5.000000
( 2) 147 89.000000
( 3) 147 32.000000
( 4)   0 0.000000
( 5)  10 0.000000
( 6)  10 0.000000 <-----
( 7)  10 0.000000
( 8)  66 3.000000
( 9)  66 2.000000
(10)  66 1.000000
(11)  20 0.000000
(12)  33 78.000000
(13)  33 78.000000
(14)  21 0.000000
(15)  21 0.000000
(16)  20 0.000000
(17)  33 70.000000
(18)  33 78.000000
(19)  33 73.000000
(20)  21 0.000000
(21)  21 0.000000
(22)  21 0.000000
(23)  20 0.000000
(24)  65 5.000000
(25)   9 0.000000
(26)  20 0.000000
(27)  65 5.000000
(28)  65 7.000000
(29)   9 0.000000
(30)   9 0.000000
(31)  20 0.000000
(32)  65 8.000000
(33)  33 0.000000
(34) 145 12.000000
(35)  65 8.000000
(36)  33 -1.000000
(37) 145 17.000000
(38)  65 8.000000
(39)  33 1.000000
(40) 145 24.000000
(41)  65 8.000000
(42)  33 2.000000
(43) 145 27.000000
(44)  20 0.000000
(45)  65 2.000000
(46)  65 2.000000
(47)   4 0.000000
(48)  33 4.000000
(49)  65 1.000000
(50)  65 3.000000
(51)   4 0.000000
(52)   4 0.000000
(53)   5 0.000000
(54)  66 4.000000
(55)  20 0.000000
(56)  33 -1.000000
(57)  66 8.000000
(58)  20 0.000000
(59)  33 0.000000
(60)  66 8.000000
(61)  20 0.000000
(62)  65 3.000000
(63)  33 0.000000
(64) 145 56.000000
(65) 140 59.000000
(66)  65 2.000000
(67)  33 0.000000
(68) 145 62.000000
(69)  65 2.000000
(70)  33 0.000000
(71)  65 3.000000
(72)   5 0.000000
(73)   6 0.000000
(74)  66 5.000000
(75)  33 1.000000
(76)  66 8.000000
(77)  20 0.000000
(78)  33 0.000000
(79)  65 2.000000
(80)   5 0.000000
(81)  33 2.000000
(82)  65 1.000000
(83)   4 0.000000
(84)   6 0.000000
(85)  66 5.000000
(86)  33 1.000000
(87)  66 8.000000
(88)  20 0.000000
(89)  65 1.000000
(90)  33 0.000000
(91) 145 66.000000
(92) 147 45.000000
(93)  65 4.000000
(94)  33 0.000000
(95) 141 59.000000
(96)  65 4.000000
(97)  33 0.000000
(98) 145 78.000000
(99)  65 4.000000
(100)   7 0.000000
(101)  33 0.000000
(102)  65 2.000000
(103)   5 0.000000
(104)   3 0.000000
(105)  65 1.000000
(106)  33 2.000000
(107)   4 0.000000
(108)   6 0.000000
(109)  66 5.000000
(110)  33 0.000000
(111)  65 2.000000
(112)   5 0.000000
(113)  65 4.000000
(114)   7 0.000000
(115)   5 0.000000
(116)  65 1.000000
(117)  33 2.000000
(118)   4 0.000000
(119)   6 0.000000
(120)  66 7.000000
(121)  33 2.000000
(122)  66 8.000000
(123)  20 0.000000

=======================================

=======================================
CPU DUMP CALL #5
Line: 6
------------NO_ERRORS----------
( 1) 147 5.000000
( 2) 147 89.000000
( 3) 147 32.000000
( 4)   0 0.000000
( 5)  10 0.000000
( 6)  10 0.000000
( 7)  10 0.000000 <-----
( 8)  66 3.000000
( 9)  66 2.000000
(10)  66 1.000000
(11)  20 0.000000
(12)  33 78.000000
(13)  33 78.000000
(14)  21 0.000000
(15)  21 0.000000
(16)  20 0.000000
(17)  33 70.000000
(18)  33 78.000000
(19)  33 73.000000
(20)  21 0.000000
(21)  21 0.000000
(22)  21 0.000000
(23)  20 0.000000
(24)  65 5.000000
(25)   9 0.000000
(26)  20 0.000000
(27)  65 5.000000
(28)  65 7.000000
(29)   9 0.000000
(30)   9 0.000000
(31)  20 0.000000
(32)  65 8.000000
(33)  33 0.000000
(34) 145 12.000000
(35)  65 8.000000
(36)  33 -1.000000
(37) 145 17.000000
(38)  65 8.000000
(39)  33 1.000000
(40) 145 24.000000
(41)  65 8.000000
(42)  33 2.000000
(43) 145 27.000000
(44)  20 0.000000
(45)  65 2.000000
(46)  65 2.000000
(47)   4 0.000000
(48)  33 4.000000
(49)  65 1.000000
(50)  65 3.000000
(51)   4 0.000000
(52)   4 0.000000
(53)   5 0.000000
(54)  66 4.000000
(55)  20 0.000000
(56)  33 -1.000000
(57)  66 8.000000
(58)  20 0.000000
(59)  33 0.000000
(60)  66 8.000000
(61)  20 0.000000
(62)  65 3.000000
(63)  33 0.000000
(64) 145 56.000000
(65) 140 59.000000
(66)  65 2.000000
(67)  33 0.000000
(68) 145 62.000000
(69)  65 2.000000
(70)  33 0.000000
(71)  65 3.000000
(72)   5 0.000000
(73)   6 0.000000
(74)  66 5.000000
(75)  33 1.000000
(76)  66 8.000000
(77)  20 0.000000
(78)  33 0.000000
(79)  65 2.000000
(80)   5 0.000000
(81)  33 2.000000
(82)  65 1.000000
(83)   4 0.000000
(84)   6 0.000000
(85)  66 5.000000
(86)  33 1.000000
(87)  66 8.000000
(88)  20 0.000000
(89)  65 1.000000
(90)  33 0.000000
(91) 145 66.000000
(92) 147 45.000000
(93)  65 4.000000
(94)  33 0.000000
(95) 141 59.000000
(96)  65 4.000000
(97)  33 0.000000
(98) 145 78.000000
(99)  65 4.000000
(100)   7 0.000000
(101)  33 0.000000
(102)  65 2.000000
(103)   5 0.000000
(104)   3 0.000000
(105)  65 1.000000
(106)  33 2.000000
(107)   4 0.000000
(108)   6 0.000000
(109)  66 5.000000
(110)  33 0.000000
(111)  65 2.000000
(112)   5 0.000000
(113)  65 4.000000
(114)   7 0.000000
(115)   5 0.000000
(116)  65 1.000000
(117)  33 2.000000
(118)   4 0.000000
(119)   6 0.000000
(120)  66 7.000000
(121)  33 2.000000
(122)  66 8.000000
(123)  20 0.000000

=======================================

=======================================
CPU DUMP CALL #6
Line: 7
------------NO_ERRORS----------
( 1) 147 5.000000
( 2) 147 89.000000
( 3) 147 32.000000
( 4)   0 0.000000
( 5)  10 0.000000
( 6)  10 0.000000
( 7)  10 0.000000
( 8)  66 3.000000 <-----
( 9)  66 2.000000
(10)  66 1.000000
(11)  20 0.000000
(12)  33 78.000000
(13)  33 78.000000
(14)  21 0.000000
(15)  21 0.000000
(16)  20 0.000000
(17)  33 70.000000
(18)  33 78.000000
(19)  33 73.000000
(20)  21 0.000000
(21)  21 0.000000
(22)  21 0.000000
(23)  20 0.000000
(24)  65 5.000000
(25)   9 0.000000
(26)  20 0.000000
(27)  65 5.000000
(28)  65 7.000000
(29)   9 0.000000
(30)   9 0.000000
(31)  20 0.000000
(32)  65 8.000000
(33)  33 0.000000
(34) 145 12.000000
(35)  65 8.000000
(36)  33 -1.000000
(37) 145 17.000000
(38)  65 8.000000
(39)  33 1.000000
(40) 145 24.000000
(41)  65 8.000000
(42)  33 2.000000
(43) 145 27.000000
(44)  20 0.000000
(45)  65 2.000000
(46)  65 2.000000
(47)   4 0.000000
(48)  33 4.000000
(49)  65 1.000000
(50)  65 3.000000
(51)   4 0.000000
(52)   4 0.000000
(53)   5 0.000000
(54)  66 4.000000
(55)  20 0.000000
(56)  33 -1.000000
(57)  66 8.000000
(58)  20 0.000000
(59)  33 0.000000
(60)  66 8.000000
(61)  20 0.000000
(62)  65 3.000000
(63)  33 0.000000
(64) 145 56.000000
(65) 140 59.000000
(66)  65 2.000000
(67)  33 0.000000
(68) 145 62.000000
(69)  65 2.000000
(70)  33 0.000000
(71)  65 3.000000
(72)   5 0.000000
(73)   6 0.000000
(74)  66 5.000000
(75)  33 1.000000
(76)  66 8.000000
(77)  20 0.000000
(78)  33 0.000000
(79)  65 2.000000
(80)   5 0.000000
(81)  33 2.000000
(82)  65 1.000000
(83)   4 0.000000
(84)   6 0.000000
(85)  66 5.000000
(86)  33 1.000000
(87)  66 8.000000
(88)  20 0.000000
(89)  65 1.000000
(90)  33 0.000000
(91) 145 66.000000
(92) 147 45.000000
(93)  65 4.000000
(94)  33 0.000000
(95) 141 59.000000
(96)  65 4.000000
(97)  33 0.000000
(98) 145 78.000000
(99)  65 4.000000
(100)   7 0.000000
(101)  33 0.000000
(102)  65 2.000000
(103)   5 0.000000
(104)   3 0.000000
(105)  65 1.000000
(106)  33 2.000000
(107)   4 0.000000
(108)   6 0.000000
(109)  66 5.000000
(110)  33 0.000000
(111)  65 2.000000
(112)   5 0.000000
(113)  65 4.000000
(114)   7 0.000000
(115)   5 0.000000
(116)  65 1.000000
(117)  33 2.000000
(118)   4 0.000000
(119)   6 0.000000
(120)  66 7.000000
(121)  33 2.000000
(122)  66 8.000000
(123)  20 0.000000

=======================================

=======================================
CPU DUMP CALL #7
Line: 8
------------NO_ERRORS----------
( 1) 147 5.000000
( 2) 147 89.000000
( 3) 147 32.000000
( 4)   0 0.000000
( 5)  10 0.000000
( 6)  10 0.000000
( 7)  10 0.000000
( 8)  66 3.000000
( 9)  66 2.000000 <-----
(10)  66 1.000000
(11)  20 0.000000
(12)  33 78.000000
(13)  33 78.000000
(14)  21 0.000000
(15)  21 0.000000
(16)  20 0.000000
(17)  33 70.000000
(18)  33 78.000000
(19)  33 73.000000
(20)  21 0.000000
(21)  21 0.000000
(22)  21 0.000000
(23)  20 0.000000
(24)  65 5.000000
(25)   9 0.000000
(26)  20 0.000000
(27)  65 5.000000
(28)  65 7.000000
(29)   9 0.000000
(30)   9 0.000000
(31)  20 0.000000
(32)  65 8.000000
(33)  33 0.000000
(34) 145 12.000000
(35)  65 8.000000
(36)  33 -1.000000
(37) 145 17.000000
(38)  65 8.000000
(39)  33 1.000000
(40) 145 24.000000
(41)  65 8.000000
(42)  33 2.000000
(43) 145 27.000000
(44)  20 0.000000
(45)  65 2.000000
(46)  65 2.000000
(47)   4 0.000000
(48)  33 4.000000
(49)  65 1.000000
(50)  65 3.000000
(51)   4 0.000000
(52)   4 0.000000
(53)   5 0.000000
(54)  66 4.000000
(55)  20 0.000000
(56)  33 -1.000000
(57)  66 8.000000
(58)  20 0.000000
(59)  33 0.000000
(60)  66 8.000000
(61)  20 0.000000
(62)  65 3.000000
(63)  33 0.000000
(64) 145 56.000000
(65) 140 59.000000
(66)  65 2.000000
(67)  33 0.000000
(68) 145 62.000000
(69)  65 2.000000
(70)  33 0.000000
(71)  65 3.000000
(72)   5 0.000000
(73)   6 0.000000
(74)  66 5.000000
(75)  33 1.000000
(76)  66 8.000000
(77)  20 0.000000
(78)  33 0.000000
(79)  65 2.000000
(80)   5 0.000000
(81)  33 2.000000
(82)  65 1.000000
(83)   4 0.000000
(84)   6 0.000000
(85)  66 5.000000
(86)  33 1.000000
(87)  66 8.000000
(88)  20 0.000000
(89)  65 1.000000
(90)  33 0.000000
(91) 145 66.000000
(92) 147 45.000000
(93)  65 4.000000
(94)  33 0.000000
(95) 141 59.000000
(96)  65 4.000000
(97)  33 0.000000
(98) 145 78.000000
(99)  65 4.000000
(100)   7 0.000000
(101)  33 0.000000
(102)  65 2.000000
(103)   5 0.000000
(104)   3 0.000000
(105)  65 1.000000
(106)  33 2.000000
(107)   4 0.000000
(108)   6 0.000000
(109)  66 5.000000
(110)  33 0.000000
(111)  65 2.000000
(112)   5 0.000000
(113)  65 4.000000
(114)   7 0.000000
(115)   5 0.000000
(116)  65 1.000000
(117)  33 2.000000
(118)   4 0.000000
(119)   6 0.000000
(120)  66 7.000000
(121)  33 2.000000
(122)  66 8.000000
(123)  20 0.000000

=======================================

=======================================
CPU DUMP CALL #8
Line: 9
------------NO_ERRORS----------
( 1) 147 5.000000
( 2) 147 89.000000
( 3) 147 32.000000
( 4)   0 0.000000
( 5)  10 0.000000
( 6)  10 0.000000
( 7)  10 0.000000
( 8)  66 3.000000
( 9)  66 2.000000
(10)  66 1.000000 <-----
(11)  20 0.000000
(12)  33 78.000000
(13)  33 78.000000
(14)  21 0.000000
(15)  21 0.000000
(16)  20 0.000000
(17)  33 70.000000
(18)  33 78.000000
(19)  33 73.000000
(20)  21 0.000000
(21)  21 0.000000
(22)  21 0.000000
(23)  20 0.000000
(24)  65 5.000000
(25)   9 0.000000
(26)  20 0.000000
(27)  65 5.000000
(28)  65 7.000000
(29)   9 0.000000
(30)   9 0.000000
(31)  20 0.000000
(32)  65 8.000000
(33)  33 0.000000
(34) 145 12.000000
(35)  65 8.000000
(36)  33 -1.000000
(37) 145 17.000000
(38)  65 8.000000
(39)  33 1.000000
(40) 145 24.000000
(41)  65 8.000000
(42)  33 2.000000
(43) 145 27.000000
(44)  20 0.000000
(45)  65 2.000000
(46)  65 2.000000
(47)   4 0.000000
(48)  33 4.000000
(49)  65 1.000000
(50)  65 3.000000
(51)   4 0.000000
(52)   4 0.000000
(53)   5 0.000000
(54)  66 4.000000
(55)  20 0.000000
(56)  33 -1.000000
(57)  66 8.000000
(58)  20 0.000000
(59)  33 0.000000
(60)  66 8.000000
(61)  20 0.000000
(62)  65 3.000000
(63)  33 0.000000
(64) 145 56.000000
(65) 140 59.000000
(66)  65 2.000000
(67)  33 0.000000
(68) 145 62.000000
(69)  65 2.000000
(70)  33 0.000000
(71)  65 3.000000
(72)   5 0.000000
(73)   6 0.000000
(74)  66 5.000000
(75)  33 1.000000
(76)  66 8.000000
(77)  20 0.000000
(78)  33 0.000000
(79)  65 2.000000
(80)   5 0.000000
(81)  33 2.000000
(82)  65 1.000000
(83)   4 0.000000
(84)   6 0.000000
(85)  66 5.000000
(86)  33 1.000000
(87)  66 8.000000
(88)  20 0.000000
(89)  65 1.000000
(90)  33 0.000000
(91) 145 66.000000
(92) 147 45.000000
(93)  65 4.000000
(94)  33 0.000000
(95) 141 59.000000
(96)  65 4.000000
(97)  33 0.000000
(98) 145 78.000000
(99)  65 4.000000
(100)   7 0.000000
(101)  33 0.000000
(102)  65 2.000000
(103)   5 0.000000
(104)   3 0.000000
(105)  65 1.000000
(106)  33 2.000000
(107)   4 0.000000
(108)   6 0.000000
(109)  66 5.000000
(110)  33 0.000000
(111)  65 2.000000
(112)   5 0.000000
(113)  65 4.000000
(114)   7 0.000000
(115)   5 0.000000
(116)  65 1.000000
(117)  33 2.000000
(118)   4 0.000000
(119)   6 0.000000
(120)  66 7.000000
(121)  33 2.000000
(122)  66 8.000000
(123)  20 0.000000

=======================================

=======================================
CPU DUMP CALL #9
Line: 10
------------NO_ERRORS----------
( 1) 147 5.000000
( 2) 147 89.000000
( 3) 147 32.000000
( 4)   0 0.000000
( 5)  10 0.000000
( 6)  10 0.000000
( 7)  10 0.000000
( 8)  66 3.000000
( 9)  66 2.000000
(10)  66 1.000000
(11)  20 0.000000 <-----
(12)  33 78.000000
(13)  33 78.000000
(14)  21 0.000000
(15)  21 0.000000
(16)  20 0.000000
(17)  33 70.000000
(18)  33 78.000000
(19)  33 73.000000
(20)  21 0.000000
(21)  21 0.000000
(22)  21 0.000000
(23)  20 0.000000
(24)  65 5.000000
(25)   9 0.000000
(26)  20 0.000000
(27)  65 5.000000
(28)  65 7.000000
(29)   9 0.000000
(30)   9 0.000000
(31)  20 0.000000
(32)  65 8.000000
(33)  33 0.000000
(34) 145 12.000000
(35)  65 8.000000
(36)  33 -1.000000
(37) 145 17.000000
(38)  65 8.000000
(39)  33 1.000000
(40) 145 24.000000
(41)  65 8.000000
(42)  33 2.000000
(43) 145 27.000000
(44)  20 0.000000
(45)  65 2.000000
(46)  65 2.000000
(47)   4 0.000000
(48)  33 4.000000
(49)  65 1.000000
(50)  65 3.000000
(51)   4 0.000000
(52)   4 0.000000
(53)   5 0.000000
(54)  66 4.000000
(55)  20 0.000000
(56)  33 -1.000000
(57)  66 8.000000
(58)  20 0.000000
(59)  33 0.000000
(60)  66 8.000000
(61)  20 0.000000
(62)  65 3.000000
(63)  33 0.000000
(64) 145 56.000000
(65) 140 59.000000
(66)  65 2.000000
(67)  33 0.000000
(68) 145 62.000000
(69)  65 2.000000
(70)  33 0.000000
(71)  65 3.000000
(72)   5 0.000000
(73)   6 0.000000
(74)  66 5.000000
(75)  33 1.000000
(76)  66 8.000000
(77)  20 0.000000
(78)  33 0.000000
(79)  65 2.000000
(80)   5 0.000000
(81)  33 2.000000
(82)  65 1.000000
(83)   4 0.000000
(84)   6 0.000000
(85)  66 5.000000
(86)  33 1.000000
(87)  66 8.000000
(88)  20 0.000000
(89)  65 1.000000
(90)  33 0.000000
(91) 145 66.000000
(92) 147 45.000000
(93)  65 4.000000
(94)  33 0.000000
(95) 141 59.000000
(96)  65 4.000000
(97)  33 0.000000
(98) 145 78.000000
(99)  65 4.000000
(100)   7 0.000000
(101)  33 0.000000
(102)  65 2.000000
(103)   5 0.000000
(104)   3 0.000000
(105)  65 1.000000
(106)  33 2.000000
(107)   4 0.000000
(108)   6 0.000000
(109)  66 5.000000
(110)  33 0.000000
(111)  65 2.000000
(112)   5 0.000000
(113)  65 4.000000
(114)   7 0.000000
(115)   5 0.000000
(116)  65 1.000000
(117)  33 2.000000
(118)   4 0.000000
(119)   6 0.000000
(120)  66 7.000000
(121)  33 2.000000
(122)  66 8.000000
(123)  20 0.000000

=======================================

=======================================
CPU DUMP CALL #10
Line: 1
------------NO_ERRORS----------
( 1) 147 5.000000
( 2) 147 89.000000 <-----
( 3) 147 32.000000
( 4)   0 0.000000
( 5)  10 0.000000
( 6)  10 0.000000
( 7)  10 0.000000
( 8)  66 3.000000
( 9)  66 2.000000
(10)  66 1.000000
(11)  20 0.000000
(12)  33 78.000000
(13)  33 78.000000
(14)  21 0.000000
(15)  21 0.000000
(16)  20 0.000000
(17)  33 70.000000
(18)  33 78.000000
(19)  33 73.000000
(20)  21 0.000000
(21)  21 0.000000
(22)  21 0.000000
(23)  20 0.000000
(24)  65 5.000000
(25)   9 0.000000
(26)  20 0.000000
(27)  65 5.000000
(28)  65 7.000000
(29)   9 0.000000
(30)   9 0.000000
(31)  20 0.000000
(32)  65 8.000000
(33)  33 0.000000
(34) 145 12.000000
(35)  65 8.000000
(36)  33 -1.000000
(37) 145 17.000000
(38)  65 8.000000
(39)  33 1.000000
(40) 145 24.000000
(41)  65 8.000000
(42)  33 2.000000
(43) 145 27.000000
(44)  20 0.000000
(45)  65 2.000000
(46)  65 2.000000
(47)   4 0.000000
(48)  33 4.000000
(49)  65 1.000000
(50)  65 3.000000
(51)   4 0.000000
(52)   4 0.000000
(53)   5 0.000000
(54)  66 4.000000
(55)  20 0.000000
(56)  33 -1.000000
(57)  66 8.000000
(58)  20 0.000000
(59)  33 0.000000
(60)  66 8.000000
(61)  20 0.000000
(62)  65 3.000000
(63)  33 0.000000
(64) 145 56.000000
(65) 140 59.000000
(66)  65 2.000000
(67)  33 0.000000
(68) 145 62.000000
(69)  65 2.000000
(70)  33 0.000000
(71)  65 3.000000
(72)   5 0.000000
(73)   6 0.000000
(74)  66 5.000000
(75)  33 1.000000
(76)  66 8.000000
(77)  20 0.000000
(78)  33 0.000000
(79)  65 2.000000
(80)   5 0.000000
(81)  33 2.000000
(82)  65 1.000000
(83)   4 0.000000
(84)   6 0.000000
(85)  66 5.000000
(86)  33 1.000000
(87)  66 8.000000
(88)  20 0.000000
(89)  65 1.000000
(90)  33 0.000000
(91) 145 66.000000
(92) 147 45.000000
(93)  65 4.000000
(94)  33 0.000000
(95) 141 59.000000
(96)  65 4.000000
(97)  33 0.000000
(98) 145 78.000000
(99)  65 4.000000
(100)   7 0.000000
(101)  33 0.000000
(102)  65 2.000000
(103)   5 0.000000
(104)   3 0.000000
(105)  65 1.000000
(106)  33 2.000000
(107)   4 0.000000
(108)   6 0.000000
(109)  66 5.000000
(110)  33 0.000000
(111)  65 2.000000
(112)   5 0.000000
(113)  65 4.000000
(114)   7 0.000000
(115)   5 0.000000
(116)  65 1.000000
(117)  33 2.000000
(118)   4 0.000000
(119)   6 0.000000
(120)  66 7.000000
(121)  33 2.000000
(122)  66 8.000000
(123)  20 0.000000

=======================================

=======================================
CPU DUMP CALL #11
Line: 88
------------NO_ERRORS----------
( 1) 147 5.000000
( 2) 147 89.000000
( 3) 147 32.000000
( 4)   0 0.000000
( 5)  10 0.000000
( 6)  10 0.000000
( 7)  10 0.000000
( 8)  66 3.000000
( 9)  66 2.000000
(10)  66 1.000000
(11)  20 0.000000
(12)  33 78.000000
(13)  33 78.000000
(14)  21 0.000000
(15)  21 0.000000
(16)  20 0.000000
(17)  33 70.000000
(18)  33 78.000000
(19)  33 73.000000
(20)  21 0.000000
(21)  21 0.000000
(22)  21 0.000000
(23)  20 0.000000
(24)  65 5.000000
(25)   9 0.000000
(26)  20 0.000000
(27)  65 5.000000
(28)  65 7.000000
(29)   9 0.000000
(30)   9 0.000000
(31)  20 0.000000
(32)  65 8.000000
(33)  33 0.000000
(34) 145 12.000000
(35)  65 8.000000
(36)  33 -1.000000
(37) 145 17.000000
(38)  65 8.000000
(39)  33 1.000000
(40) 145 24.000000
(41)  65 8.000000
(42)  33 2.000000
(43) 145 27.000000
(44)  20 0.000000
(45)  65 2.000000
(46)  65 2.000000
(47)   4 0.000000
(48)  33 4.000000
(49)  65 1.000000
(50)  65 3.000000
(51)   4 0.000000
(52)   4 0.000000
(53)   5 0.000000
(54)  66 4.000000
(55)  20 0.000000
(56)  33 -1.000000
(57)  66 8.000000
(58)  20 0.000000
(59)  33 0.000000
(60)  66 8.000000
(61)  20 0.000000
(62)  65 3.000000
(63)  33 0.000000
(64) 145 56.000000
(65) 140 59.000000
(66)  65 2.000000
(67)  33 0.000000
(68) 145 62.000000
(69)  65 2.000000
(70)  33 0.000000
(71)  65 3.000000
(72)   5 0.000000
(73)   6 0.000000
(74)  66 5.000000
(75)  33 1.000000
(76)  66 8.000000
(77)  20 0.000000
(78)  33 0.000000
(79)  65 2.000000
(80)   5 0.000000
(81)  33 2.000000
(82)  65 1.000000
(83)   4 0.000000
(84)   6 0.000000
(85)  66 5.000000
(86)  33 1.000000
(87)  66 8.000000
(88)  20 0.000000
(89)  65 1.000000 <-----
(90)  33 0.000000
(91) 145 66.000000
(92) 147 45.000000
(93)  65 4.000000
(94)  33 0.000000
(95) 141 59.000000
(96)  65 4.000000
(97)  33 0.000000
(98) 145 78.000000
(99)  65 4.000000
(100)   7 0.000000
(101)  33 0.000000
(102)  65 2.000000
(103)   5 0.000000
(104)   3 0.000000
(105)  65 1.000000
(106)  33 2.000000
(107)   4 0.000000
(108)   6 0.000000
(109)  66 5.000000
(110)  33 0.000000
(111)  65 2.000000
(112)   5 0.000000
(113)  65 4.000000
(114)   7 0.000000
(115)   5 0.000000
(116)  65 1.000000
(117)  33 2.000000
(118)   4 0.000000
(119)   6 0.000000
(120)  66 7.000000
(121)  33 2.000000
(122)  66 8.000000
(123)  20 0.000000

=======================================

=======================================
CPU DUMP CALL #12
Line: 89
------------NO_ERRORS----------
( 1) 147 5.000000
( 2) 147 89.000000
( 3) 147 32.000000
( 4)   0 0.000000
( 5)  10 0.000000
( 6)  10 0.000000
( 7)  10 0.000000
( 8)  66 3.000000
( 9)  66 2.000000
(10)  66 1.000000
(11)  20 0.000000
(12)  33 78.000000
(13)  33 78.000000
(14)  21 0.000000
(15)  21 0.000000
(16)  20 0.000000
(17)  33 70.000000
(18)  33 78.000000
(19)  33 73.000000
(20)  21 0.000000
(21)  21 0.000000
(22)  21 0.000000
(23)  20 0.000000
(24)  65 5.000000
(25)   9 0.000000
(26)  20 0.000000
(27)  65 5.000000
(28)  65 7.000000
(29)   9 0.000000
(30)   9 0.000000
(31)  20 0.000000
(32)  65 8.000000
(33)  33 0.000000
(34) 145 12.000000
(35)  65 8.000000
(36)  33 -1.000000
(37) 145 17.000000
(38)  65 8.000000
(39)  33 1.000000
(40) 145 24.000000
(41)  65 8.000000
(42)  33 2.000000
(43) 145 27.000000
(44)  20 0.000000
(45)  65 2.000000
(46)  65 2.000000
(47)   4 0.000000
(48)  33 4.000000
(49)  65 1.000000
(50)  65 3.000000
(51)   4 0.000000
(52)   4 0.000000
(53)   5 0.000000
(54)  66 4.000000
(55)  20 0.000000
(56)  33 -1.000000
(57)  66 8.000000
(58)  20 0.000000
(59)  33 0.000000
(60)  66 8.000000
(61)  20 0.000000
(62)  65 3.000000
(63)  33 0.000000
(64) 145 56.000000
(65) 140 59.000000
(66)  65 2.000000
(67)  33 0.000000
(68) 145 62.000000
(69)  65 2.000000
(70)  33 0.000000
(71)  65 3.000000
(72)   5 0.000000
(73)   6 0.000000
(74)  66 5.000000
(75)  33 1.000000
(76)  66 8.000000
(77)  20 0.000000
(78)  33 0.000000
(79)  65 2.000000
(80)   5 0.000000
(81)  33 2.000000
(82)  65 1.000000
(83)   4 0.000000
(84)   6 0.000000
(85)  66 5.000000
(86)  33 1.000000
(87)  66 8.000000
(88)  20 0.000000
(89)  65 1.000000
(90)  33 0.000000 <-----
(91) 145 66.000000
(92) 147 45.000000
(93)  65 4.000000
(94)  33 0.000000
(95) 141 59.000000
(96)  65 4.000000
(97)  33 0.000000
(98) 145 78.000000
(99)  65 4.000000
(100)   7 0.000000
(101)  33 0.000000
(102)  65 2.000000
(103)   5 0.000000
(104)   3 0.000000
(105)  65 1.000000
(106)  33 2.000000
(107)   4 0.000000
(108)   6 0.000000
(109)  66 5.000000
(110)  33 0.000000
(111)  65 2.000000
(112)   5 0.000000
(113)  65 4.000000
(114)   7 0.000000
(115)   5 0.000000
(116)  65 1.000000
(117)  33 2.000000
(118)   4 0.000000
(119)   6 0.000000
(120)  66 7.000000
(121)  33 2.000000
(122)  66 8.000000
(123)  20 0.000000

=======================================

=======================================
CPU DUMP CALL #13
Line: 90
------------NO_ERRORS----------
( 1) 147 5.000000
( 2) 147 89.000000
( 3) 147 32.000000
( 4)   0 0.000000
( 5)  10 0.000000
( 6)  10 0.000000
( 7)  10 0.000000
( 8)  66 3.000000
( 9)  66 2.000000
(10)  66 1.000000
(11)  20 0.000000
(12)  33 78.000000
(13)  33 78.000000
(14)  21 0.000000
(15)  21 0.000000
(16)  20 0.000000
(17)  33 70.000000
(18)  33 78.000000
(19)  33 73.000000
(20)  21 0.000000
(21)  21 0.000000
(22)  21 0.000000
(23)  20 0.000000
(24)  65 5.000000
(25)   9 0.000000
(26)  20 0.000000
(27)  65 5.000000
(28)  65 7.000000
(29)   9 0.000000
(30)   9 0.000000
(31)  20 0.000000
(32)  65 8.000000
(33)  33 0.000000
(34) 145 12.000000
(35)  65 8.000000
(36)  33 -1.000000
(37) 145 17.000000
(38)  65 8.000000
(39)  33 1.000000
(40) 145 24.000000
(41)  65 8.000000
(42)  33 2.000000
(43) 145 27.000000
(44)  20 0.000000
(45)  65 2.000000
(46)  65 2.000000
(47)   4 0.000000
(48)  33 4.000000
(49)  65 1.000000
(50)  65 3.000000
(51)   4 0.000000
(52)   4 0.000000
(53)   5 0.000000
(54)  66 4.000000
(55)  20 0.000000
(56)  33 -1.000000
(57)  66 8.000000
(58)  20 0.000000
(59)  33 0.000000
(60)  66 8.000000
(61)  20 0.000000
(62)  65 3.000000
(63)  33 0.000000
(64) 145 56.000000
(65) 140 59.000000
(66)  65 2.000000
(67)  33 0.000000
(68) 145 62.000000
(69)  65 2.000000
(70)  33 0.000000
(71)  65 3.000000
(72)   5 0.000000
(73)   6 0.000000
(74)  66 5.000000
(75)  33 1.000000
(76)  66 8.000000
(77)  20 0.000000
(78)  33 0.000000
(79)  65 2.000000
(80)   5 0.000000
(81)  33 2.000000
(82)  65 1.000000
(83)   4 0.000000
(84)   6 0.000000
(85)  66 5.000000
(86)  33 1.000000
(87)  66 8.000000
(88)  20 0.000000
(89)  65 1.000000
(90)  33 0.000000
(91) 145 66.000000 <-----
(92) 147 45.000000
(93)  65 4.000000
(94)  33 0.000000
(95) 141 59.000000
(96)  65 4.000000
(97)  33 0.000000
(98) 145 78.000000
(99)  65 4.000000
(100)   7 0.000000
(101)  33 0.000000
(102)  65 2.000000
(103)   5 0.000000
(104)   3 0.000000
(105)  65 1.000000
(106)  33 2.000000
(107)   4 0.000000
(108)   6 0.000000
(109)  66 5.000000
(110)  33 0.000000
(111)  65 2.000000
(112)   5 0.000000
(113)  65 4.000000
(114)   7 0.000000
(115)   5 0.000000
(116)  65 1.000000
(117)  33 2.000000
(118)   4 0.000000
(119)   6 0.000000
(120)  66 7.000000
(121)  33 2.000000
(122)  66 8.000000
(123)  20 0.000000

=======================================

=======================================
CPU DUMP CALL #14
Line: 91
------------NO_ERRORS----------
( 1) 147 5.000000
( 2) 147 89.000000
( 3) 147 32.000000
( 4)   0 0.000000
( 5)  10 0.000000
( 6)  10 0.000000
( 7)  10 0.000000
( 8)  66 3.000000
( 9)  66 2.000000
(10)  66 1.000000
(11)  20 0.000000
(12)  33 78.000000
(13)  33 78.000000
(14)  21 0.000000
(15)  21 0.000000
(16)  20 0.000000
(17)  33 70.000000
(18)  33 78.000000
(19)  33 73.000000
(20)  21 0.000000
(21)  21 0.000000
(22)  21 0.000000
(23)  20 0.000000
(24)  65 5.000000
(25)   9 0.000000
(26)  20 0.000000
(27)  65 5.000000
(28)  65 7.000000
(29)   9 0.000000
(30)   9 0.000000
(31)  20 0.000000
(32)  65 8.000000
(33)  33 0.000000
(34) 145 12.000000
(35)  65 8.000000
(36)  33 -1.000000
(37) 145 17.000000
(38)  65 8.000000
(39)  33 1.000000
(40) 145 24.000000
(41)  65 8.000000
(42)  33 2.000000
(43) 145 27.000000
(44)  20 0.000000
(45)  65 2.000000
(46)  65 2.000000
(47)   4 0.000000
(48)  33 4.000000
(49)  65 1.000000
(50)  65 3.000000
(51)   4 0.000000
(52)   4 0.000000
(53)   5 0.000000
(54)  66 4.000000
(55)  20 0.000000
(56)  33 -1.000000
(57)  66 8.000000
(58)  20 0.000000
(59)  33 0.000000
(60)  66 8.000000
(61)  20 0.000000
(62)  65 3.000000
(63)  33 0.000000
(64) 145 56.000000
(65) 140 59.000000
(66)  65 2.000000
(67)  33 0.000000
(68) 145 62.000000
(69)  65 2.000000
(70)  33 0.000000
(71)  65 3.000000
(72)   5 0.000000
(73)   6 0.000000
(74)  66 5.000000
(75)  33 1.000000
(76)  66 8.000000
(77)  20 0.000000
(78)  33 0.000000
(79)  65 2.000000
(80)   5 0.000000
(81)  33 2.000000
(82)  65 1.000000
(83)   4 0.000000
(84)   6 0.000000
(85)  66 5.000000
(86)  33 1.000000
(87)  66 8.000000
(88)  20 0.000000
(89)  65 1.000000
(90)  33 0.000000
(91) 145 66.000000
(92) 147 45.000000 <-----
(93)  65 4.000000
(94)  33 0.000000
(95) 141 59.000000
(96)  65 4.000000
(97)  33 0.000000
(98) 145 78.000000
(99)  65 4.000000
(100)   7 0.000000
(101)  33 0.000000
(102)  65 2.000000
(103)   5 0.000000
(104)   3 0.000000
(105)  65 1.000000
(106)  33 2.000000
(107)   4 0.000000
(108)   6 0.000000
(109)  66 5.000000
(110)  33 0.000000
(111)  65 2.000000
(112)   5 0.000000
(113)  65 4.000000
(114)   7 0.000000
(115)   5 0.000000
(116)  65 1.000000
(117)  33 2.000000
(118)   4 0.000000
(119)   6 0.000000
(120)  66 7.000000
(121)  33 2.000000
(122)  66 8.000000
(123)  20 0.000000

=======================================

=======================================
CPU DUMP CALL #15
Line: 44
------------NO_ERRORS----------
( 1) 147 5.000000
( 2) 147 89.000000
( 3) 147 32.000000
( 4)   0 0.000000
( 5)  10 0.000000
( 6)  10 0.000000
( 7)  10 0.000000
( 8)  66 3.000000
( 9)  66 2.000000
(10)  66 1.000000
(11)  20 0.000000
(12)  33 78.000000
(13)  33 78.000000
(14)  21 0.000000
(15)  21 0.000000
(16)  20 0.000000
(17)  33 70.000000
(18)  33 78.000000
(19)  33 73.000000
(20)  21 0.000000
(21)  21 0.000000
(22)  21 0.000000
(23)  20 0.000000
(24)  65 5.000000
(25)   9 0.000000
(26)  20 0.000000
(27)  65 5.000000
(28)  65 7.000000
(29)   9 0.000000
(30)   9 0.000000
(31)  20 0.000000
(32)  65 8.000000
(33)  33 0.000000
(34) 145 12.000000
(35)  65 8.000000
(36)  33 -1.000000
(37) 145 17.000000
(38)  65 8.000000
(39)  33 1.000000
(40) 145 24.000000
(41)  65 8.000000
(42)  33 2.000000
(43) 145 27.000000
(44)  20 0.000000
(45)  65 2.000000 <-----
(46)  65 2.000000
(47)   4 0.000000
(48)  33 4.000000
(49)  65 1.000000
(50)  65 3.000000
(51)   4 0.000000
(52)   4 0.000000
(53)   5 0.000000
(54)  66 4.000000
(55)  20 0.000000
(56)  33 -1.000000
(57)  66 8.000000
(58)  20 0.000000
(59)  33 0.000000
(60)  66 8.000000
(61)  20 0.000000
(62)  65 3.000000
(63)  33 0.000000
(64) 145 56.000000
(65) 140 59.000000
(66)  65 2.000000
(67)  33 0.000000
(68) 145 62.000000
(69)  65 2.000000
(70)  33 0.000000
(71)  65 3.000000
(72)   5 0.000000
(73)   6 0.000000
(74)  66 5.000000
(75)  33 1.000000
(76)  66 8.000000
(77)  20 0.000000
(78)  33 0.000000
(79)  65 2.000000
(80)   5 0.000000
(81)  33 2.000000
(82)  65 1.000000
(83)   4 0.000000
(84)   6 0.000000
(85)  66 5.000000
(86)  33 1.000000
(87)  66 8.000000
(88)  20 0.000000
(89)  65 1.000000
(90)  33 0.000000
(91) 145 66.000000
(92) 147 45.000000
(93)  65 4.000000
(94)  33 0.000000
(95) 141 59.000000
(96)  65 4.000000
(97)  33 0.000000
(98) 145 78.000000
(99)  65 4.000000
(100)   7 0.000000
(101)  33 0.000000
(102)  65 2.000000
(103)   5 0.000000
(104)   3 0.000000
(105)  65 1.000000
(106)  33 2.000000
(107)   4 0.000000
(108)   6 0.000000
(109)  66 5.000000
(110)  33 0.000000
(111)  65 2.000000
(112)   5 0.000000
(113)  65 4.000000
(114)   7 0.000000
(115)   5 0.000000
(116)  65 1.000000
(117)  33 2.000000
(118)   4 0.000000
(119)   6 0.000000
(120)  66 7.000000
(121)  33 2.000000
(122)  66 8.000000
(123)  20 0.000000

=======================================

=======================================
CPU DUMP CALL #16
Line: 45
------------NO_ERRORS----------
( 1) 147 5.000000
( 2) 147 89.000000
( 3) 147 32.000000
( 4)   0 0.000000
( 5)  10 0.000000
( 6)  10 0.000000
( 7)  10 0.000000
( 8)  66 3.000000
( 9)  66 2.000000
(10)  66 1.000000
(11)  20 0.000000
(12)  33 78.000000
(13)  33 78.000000
(14)  21 0.000000
(15)  21 0.000000
(16)  20 0.000000
(17)  33 70.000000
(18)  33 78.000000
(19)  33 73.000000
(20)  21 0.000000
(21)  21 0.000000
(22)  21 0.000000
(23)  20 0.000000
(24)  65 5.000000
(25)   9 0.000000
(26)  20 0.000000
(27)  65 5.000000
(28)  65 7.000000
(29)   9 0.000000
(30)   9 0.000000
(31)  20 0.000000
(32)  65 8.000000
(33)  33 0.000000
(34) 145 12.000000
(35)  65 8.000000
(36)  33 -1.000000
(37) 145 17.000000
(38)  65 8.000000
(39)  33 1.000000
(40) 145 24.000000
(41)  65 8.000000
(42)  33 2.000000
(43) 145 27.000000
(44)  20 0.000000
(45)  65 2.000000
(46)  65 2.000000 <-----
(47)   4 0.000000
(48)  33 4.000000
(49)  65 1.000000
(50)  65 3.000000
(51)   4 0.000000
(52)   4 0.000000
(53)   5 0.000000
(54)  66 4.000000
(55)  20 0.000000
(56)  33 -1.000000
(57)  66 8.000000
(58)  20 0.000000
(59)  33 0.000000
(60)  66 8.000000
(61)  20 0.000000
(62)  65 3.000000
(63)  33 0.000000
(64) 145 56.000000
(65) 140 59.000000
(66)  65 2.000000
(67)  33 0.000000
(68) 145 62.000000
(69)  65 2.000000
(70)  33 0.000000
(71)  65 3.000000
(72)   5 0.000000
(73)   6 0.000000
(74)  66 5.000000
(75)  33 1.000000
(76)  66 8.000000
(77)  20 0.000000
(78)  33 0.000000
(79)  65 2.000000
(80)   5 0.000000
(81)  33 2.000000
(82)  65 1.000000
(83)   4 0.000000
(84)   6 0.000000
(85)  66 5.000000
(86)  33 1.000000
(87)  66 8.000000
(88)  20 0.000000
(89)  65 1.000000
(90)  33 0.000000
(91) 145 66.000000
(92) 147 45.000000
(93)  65 4.000000
(94)  33 0.000000
(95) 141 59.000000
(96)  65 4.000000
(97)  33 0.000000
(98) 145 78.000000
(99)  65 4.000000
(100)   7 0.000000
(101)  33 0.000000
(102)  65 2.000000
(103)   5 0.000000
(104)   3 0.000000
(105)  65 1.000000
(106)  33 2.000000
(107)   4 0.000000
(108)   6 0.000000
(109)  66 5.000000
(110)  33 0.000000
(111)  65 2.000000
(112)   5 0.000000
(113)  65 4.000000
(114)   7 0.000000
(115)   5 0.000000
(116)  65 1.000000
(117)  33 2.000000
(118)   4 0.000000
(119)   6 0.000000
(120)  66 7.000000
(121)  33 2.000000
(122)  66 8.000000
(123)  20 0.000000

=======================================

=======================================
CPU DUMP CALL #17
Line: 46
------------NO_ERRORS----------
( 1) 147 5.000000
( 2) 147 89.000000
( 3) 147 32.000000
( 4)   0 0.000000
( 5)  10 0.000000
( 6)  10 0.000000
( 7)  10 0.000000
( 8)  66 3.000000
( 9)  66 2.000000
(10)  66 1.000000
(11)  20 0.000000
(12)  33 78.000000
(13)  33 78.000000
(14)  21 0.000000
(15)  21 0.000000
(16)  20 0.000000
(17)  33 70.000000
(18)  33 78.000000
(19)  33 73.000000
(20)  21 0.000000
(21)  21 0.000000
(22)  21 0.000000
(23)  20 0.000000
(24)  65 5.000000
(25)   9 0.000000
(26)  20 0.000000
(27)  65 5.000000
(28)  65 7.000000
(29)   9 0.000000
(30)   9 0.000000
(31)  20 0.000000
(32)  65 8.000000
(33)  33 0.000000
(34) 145 12.000000
(35)  65 8.000000
(36)  33 -1.000000
(37) 145 17.000000
(38)  65 8.000000
(39)  33 1.000000
(40) 145 24.000000
(41)  65 8.000000
(42)  33 2.000000
(43) 145 27.000000
(44)  20 0.000000
(45)  65 2.000000
(46)  65 2.000000
(47)   4 0.000000 <-----
(48)  33 4.000000
(49)  65 1.000000
(50)  65 3.000000
(51)   4 0.000000
(52)   4 0.000000
(53)   5 0.000000
(54)  66 4.000000
(55)  20 0.000000
(56)  33 -1.000000
(57)  66 8.000000
(58)  20 0.000000
(59)  33 0.000000
(60)  66 8.000000
(61)  20 0.000000
(62)  65 3.000000
(63)  33 0.000000
(64) 145 56.000000
(65) 140 59.000000
(66)  65 2.000000
(67)  33 0.000000
(68) 145 62.000000
(69)  65 2.000000
(70)  33 0.000000
(71)  65 3.000000
(72)   5 0.000000
(73)   6 0.000000
(74)  66 5.000000
(75)  33 1.000000
(76)  66 8.000000
(77)  20 0.000000
(78)  33 0.000000
(79)  65 2.000000
(80)   5 0.000000
(81)  33 2.000000
(82)  65 1.000000
(83)   4 0.000000
(84)   6 0.000000
(85)  66 5.000000
(86)  33 1.000000
(87)  66 8.000000
(88)  20 0.000000
(89)  65 1.000000
(90)  33 0.000000
(91) 145 66.000000
(92) 147 45.000000
(93)  65 4.000000
(94)  33 0.000000
(95) 141 59.000000
(96)  65 4.000000
(97)  33 0.000000
(98) 145 78.000000
(99)  65 4.000000
(100)   7 0.000000
(101)  33 0.000000
(102)  65 2.000000
(103)   5 0.000000
(104)   3 0.000000
(105)  65 1.000000
(106)  33 2.000000
(107)   4 0.000000
(108)   6 0.000000
(109)  66 5.000000
(110)  33 0.000000
(111)  65 2.000000
(112)   5 0.000000
(113)  65 4.000000
(114)   7 0.000000
(115)   5 0.000000
(116)  65 1.000000
(117)  33 2.000000
(118)   4 0.000000
(119)   6 0.000000
(120)  66 7.000000
(121)  33 2.000000
(122)  66 8.000000
(123)  20 0.000000

=======================================

=======================================
CPU DUMP CALL #18
Line: 47
------------NO_ERRORS----------
( 1) 147 5.000000
( 2) 147 89.000000
( 3) 147 32.000000
( 4)   0 0.000000
( 5)  10 0.000000
( 6)  10 0.000000
( 7)  10 0.000000
( 8)  66 3.000000
( 9)  66 2.000000
(10)  66 1.000000
(11)  20 0.000000
(12)  33 78.000000
(13)  33 78.000000
(14)  21 0.000000
(15)  21 0.000000
(16)  20 0.000000
(17)  33 70.000000
(18)  33 78.000000
(19)  33 73.000000
(20)  21 0.000000
(21)  21 0.000000
(22)  21 0.000000
(23)  20 0.000000
(24)  65 5.000000
(25)   9 0.000000
(26)  20 0.000000
(27)  65 5.000000
(28)  65 7.000000
(29)   9 0.000000
(30)   9 0.000000
(31)  20 0.000000
(32)  65 8.000000
(33)  33 0.000000
(34) 145 12.000000
(35)  65 8.000000
(36)  33 -1.000000
(37) 145 17.000000
(38)  65 8.000000
(39)  33 1.000000
(40) 145 24.000000
(41)  65 8.000000
(42)  33 2.000000
(43) 145 27.000000
(44)  20 0.000000
(45)  65 2.000000
(46)  65 2.000000
(47)   4 0.000000
(48)  33 4.000000 <-----
(49)  65 1.000000
(50)  65 3.000000
(51)   4 0.000000
(52)   4 0.000000
(53)   5 0.000000
(54)  66 4.000000
(55)  20 0.000000
(56)  33 -1.000000
(57)  66 8.000000
(58)  20 0.000000
(59)  33 0.000000
(60)  66 8.000000
(61)  20 0.000000
(62)  65 3.000000
(63)  33 0.000000
(64) 145 56.000000
(65) 140 59.000000
(66)  65 2.000000
(67)  33 0.000000
(68) 145 62.000000
(69)  65 2.000000
(70)  33 0.000000
(71)  65 3.000000
(72)   5 0.000000
(73)   6 0.000000
(74)  66 5.000000
(75)  33 1.000000
(76)  66 8.000000
(77)  20 0.000000
(78)  33 0.000000
(79)  65 2.000000
(80)   5 0.000000
(81)  33 2.000000
(82)  65 1.000000
(83)   4 0.000000
(84)   6 0.000000
(85)  66 5.000000
(86)  33 1.000000
(87)  66 8.000000
(88)  20 0.000000
(89)  65 1.000000
(90)  33 0.000000
(91) 145 66.000000
(92) 147 45.000000
(93)  65 4.000000
(94)  33 0.000000
(95) 141 59.000000
(96)  65 4.000000
(97)  33 0.000000
(98) 145 78.000000
(99)  65 4.000000
(100)   7 0.000000
(101)  33 0.000000
(102)  65 2.000000
(103)   5 0.000000
(104)   3 0.000000
(105)  65 1.000000
(106)  33 2.000000
(107)   4 0.000000
(108)   6 0.000000
(109)  66 5.000000
(110)  33 0.000000
(111)  65 2.000000
(112)   5 0.000000
(113)  65 4.000000
(114)   7 0.000000
(115)   5 0.000000
(116)  65 1.000000
(117)  33 2.000000
(118)   4 0.000000
(119)   6 0.000000
(120)  66 7.000000
(121)  33 2.000000
(122)  66 8.000000
(123)  20 0.000000

=======================================

=======================================
CPU DUMP CALL #19
Line: 48
------------NO_ERRORS----------
( 1) 147 5.000000
( 2) 147 89.000000
( 3) 147 32.000000
( 4)   0 0.000000
( 5)  10 0.000000
( 6)  10 0.000000
( 7)  10 0.000000
( 8)  66 3.000000
( 9)  66 2.000000
(10)  66 1.000000
(11)  20 0.000000
(12)  33 78.000000
(13)  33 78.000000
(14)  21 0.000000
(15)  21 0.000000
(16)  20 0.000000
(17)  33 70.000000
(18)  33 78.000000
(19)  33 73.000000
(20)  21 0.000000
(21)  21 0.000000
(22)  21 0.000000
(23)  20 0.000000
(24)  65 5.000000
(25)   9 0.000000
(26)  20 0.000000
(27)  65 5.000000
(28)  65 7.000000
(29)   9 0.000000
(30)   9 0.000000
(31)  20 0.000000
(32)  65 8.000000
(33)  33 0.000000
(34) 145 12.000000
(35)  65 8.000000
(36)  33 -1.000000
(37) 145 17.000000
(38)  65 8.000000
(39)  33 1.000000
(40) 145 24.000000
(41)  65 8.000000
(42)  33 2.000000
(43) 145 27.000000
(44)  20 0.000000
(45)  65 2.000000
(46)  65 2.000000
(47)   4 0.000000
(48)  33 4.000000
(49)  65 1.000000 <-----
(50)  65 3.000000
(51)   4 0.000000
(52)   4 0.000000
(53)   5 0.000000
(54)  66 4.000000
(55)  20 0.000000
(56)  33 -1.000000
(57)  66 8.000000
(58)  20 0.000000
(59)  33 0.000000
(60)  66 8.000000
(61)  20 0.000000
(62)  65 3.000000
(63)  33 0.000000
(64) 145 56.000000
(65) 140 59.000000
(66)  65 2.000000
(67)  33 0.000000
(68) 145 62.000000
(69)  65 2.000000
(70)  33 0.000000
(71)  65 3.000000
(72)   5 0.000000
(73)   6 0.000000
(74)  66 5.000000
(75)  33 1.000000
(76)  66 8.000000
(77)  20 0.000000
(78)  33 0.000000
(79)  65 2.000000
(80)   5 0.000000
(81)  33 2.000000
(82)  65 1.000000
(83)   4 0.000000
(84)   6 0.000000
(85)  66 5.000000
(86)  33 1.000000
(87)  66 8.000000
(88)  20 0.000000
(89)  65 1.000000
(90)  33 0.000000
(91) 145 66.000000
(92) 147 45.000000
(93)  65 4.000000
(94)  33 0.000000
(95) 141 59.000000
(96)  65 4.000000
(97)  33 0.000000
(98) 145 78.000000
(99)  65 4.000000
(100)   7 0.000000
(101)  33 0.000000
(102)  65 2.000000
(103)   5 0.000000
(104)   3 0.000000
(105)  65 1.000000
(106)  33 2.000000
(107)   4 0.000000
(108)   6 0.000000
(109)  66 5.000000
(110)  33 0.000000
(111)  65 2.000000
(112)   5 0.000000
(113)  65 4.000000
(114)   7 0.000000
(115)   5 0.000000
(116)  65 1.000000
(117)  33 2.000000
(118)   4 0.000000
(119)   6 0.000000
(120)  66 7.000000
(121)  33 2.000000
(122)  66 8.000000
(123)  20 0.000000

=======================================

=======================================
CPU DUMP CALL #20
Line: 49
------------NO_ERRORS----------
( 1) 147 5.000000
( 2) 147 89.000000
( 3) 147 32.000000
( 4)   0 0.000000
( 5)  10 0.000000
( 6)  10 0.000000
( 7)  10 0.000000
( 8)  66 3.000000
( 9)  66 2.000000
(10)  66 1.000000
(11)  20 0.000000
(12)  33 78.000000
(13)  33 78.000000
(14)  21 0.000000
(15)  21 0.000000
(16)  20 0.000000
(17)  33 70.000000
(18)  33 78.000000
(19)  33 73.000000
(20)  21 0.000000
(21)  21 0.000000
(22)  21 0.000000
(23)  20 0.000000
(24)  65 5.000000
(25)   9 0.000000
(26)  20 0.000000
(27)  65 5.000000
(28)  65 7.000000
(29)   9 0.000000
(30)   9 0.000000
(31)  20 0.000000
(32)  65 8.000000
(33)  33 0.000000
(34) 145 12.000000
(35)  65 8.000000
(36)  33 -1.000000
(37) 145 17.000000
(38)  65 8.000000
(39)  33 1.000000
(40) 145 24.000000
(41)  65 8.000000
(42)  33 2.000000
(43) 145 27.000000
(44)  20 0.000000
(45)  65 2.000000
(46)  65 2.000000
(47)   4 0.000000
(48)  33 4.000000
(49)  65 1.000000
(50)  65 3.000000 <-----
(51)   4 0.000000
(52)   4 0.000000
(53)   5 0.000000
(54)  66 4.000000
(55)  20 0.000000
(56)  33 -1.000000
(57)  66 8.000000
(58)  20 0.000000
(59)  33 0.000000
(60)  66 8.000000
(61)  20 0.000000
(62)  65 3.000000
(63)  33 0.000000
(64) 145 56.000000
(65) 140 59.000000
(66)  65 2.000000
(67)  33 0.000000
(68) 145 62.000000
(69)  65 2.000000
(70)  33 0.000000
(71)  65 3.000000
(72)   5 0.000000
(73)   6 0.000000
(74)  66 5.000000
(75)  33 1.000000
(76)  66 8.000000
(77)  20 0.000000
(78)  33 0.000000
(79)  65 2.000000
(80)   5 0.000000
(81)  33 2.000000
(82)  65 1.000000
(83)   4 0.000000
(84)   6 0.000000
(85)  66 5.000000
(86)  33 1.000000
(87)  66 8.000000
(88)  20 0.000000
(89)  65 1.000000
(90)  33 0.000000
(91) 145 66.000000
(92) 147 45.000000
(93)  65 4.000000
(94)  33 0.000000
(95) 141 59.000000
(96)  65 4.000000
(97)  33 0.000000
(98) 145 78.000000
(99)  65 4.000000
(100)   7 0.000000
(101)  33 0.000000
(102)  65 2.000000
(103)   5 0.000000
(104)   3 0.000000
(105)  65 1.000000
(106)  33 2.000000
(107)   4 0.000000
(108)   6 0.000000
(109)  66 5.000000
(110)  33 0.000000
(111)  65 2.000000
(112)   5 0.000000
(113)  65 4.000000
(114)   7 0.000000
(115)   5 0.000000
(116)  65 1.000000
(117)  33 2.000000
(118)   4 0.000000
(119)   6 0.000000
(120)  66 7.000000
(121)  33 2.000000
(122)  66 8.000000
(123)  20 0.000000

=======================================

=======================================
CPU DUMP CALL #21
Line: 50
------------NO_ERRORS----------
( 1) 147 5.000000
( 2) 147 89.000000
( 3) 147 32.000000
( 4)   0 0.000000
( 5)  10 0.000000
( 6)  10 0.000000
( 7)  10 0.000000
( 8)  66 3.000000
( 9)  66 2.000000
(10)  66 1.000000
(11)  20 0.000000
(12)  33 78.000000
(13)  33 78.000000
(14)  21 0.000000
(15)  21 0.000000
(16)  20 0.000000
(17)  33 70.000000
(18)  33 78.000000
(19)  33 73.000000
(20)  21 0.000000
(21)  21 0.000000
(22)  21 0.000000
(23)  20 0.000000
(24)  65 5.000000
(25)   9 0.000000
(26)  20 0.000000
(27)  65 5.000000
(28)  65 7.000000
(29)   9 0.000000
(30)   9 0.000000
(31)  20 0.000000
(32)  65 8.000000
(33)  33 0.000000
(34) 145 12.000000
(35)  65 8.000000
(36)  33 -1.000000
(37) 145 17.000000
(38)  65 8.000000
(39)  33 1.000000
(40) 145 24.000000
(41)  65 8.000000
(42)  33 2.000000
(43) 145 27.000000
(44)  20 0.000000
(45)  65 2.000000
(46)  65 2.000000
(47)   4 0.000000
(48)  33 4.000000
(49)  65 1.000000
(50)  65 3.000000
(51)   4 0.000000 <-----
(52)   4 0.000000
(53)   5 0.000000
(54)  66 4.000000
(55)  20 0.000000
(56)  33 -1.000000
(57)  66 8.000000
(58)  20 0.000000
(59)  33 0.000000
(60)  66 8.000000
(61)  20 0.000000
(62)  65 3.000000
(63)  33 0.000000
(64) 145 56.000000
(65) 140 59.000000
(66)  65 2.000000
(67)  33 0.000000
(68) 145 62.000000
(69)  65 2.000000
(70)  33 0.000000
(71)  65 3.000000
(72)   5 0.000000
(73)   6 0.000000
(74)  66 5.000000
(75)  33 1.000000
(76)  66 8.000000
(77)  20 0.000000
(78)  33 0.000000
(79)  65 2.000000
(80)   5 0.000000
(81)  33 2.000000
(82)  65 1.000000
(83)   4 0.000000
(84)   6 0.000000
(85)  66 5.000000
(86)  33 1.000000
(87)  66 8.000000
(88)  20 0.000000
(89)  65 1.000000
(90)  33 0.000000
(91) 145 66.000000
(92) 147 45.000000
(93)  65 4.000000
(94)  33 0.000000
(95) 141 59.000000
(96)  65 4.000000
(97)  33 0.000000
(98) 145 78.000000
(99)  65 4.000000
(100)   7 0.000000
(101)  33 0.000000
(102)  65 2.000000
(103)   5 0.000000
(104)   3 0.000000
(105)  65 1.000000
(106)  33 2.000000
(107)   4 0.000000
(108)   6 0.000000
(109)  66 5.000000
(110)  33 0.000000
(111)  65 2.000000
(112)   5 0.000000
(113)  65 4.000000
(114)   7 0.000000
(115)   5 0.000000
(116)  65 1.000000
(117)  33 2.000000
(118)   4 0.000000
(119)   6 0.000000
(120)  66 7.000000
(121)  33 2.000000
(122)  66 8.000000
(123)  20 0.000000

=======================================

=======================================
CPU DUMP CALL #22
Line: 51
------------NO_ERRORS----------
( 1) 147 5.000000
( 2) 147 89.000000
( 3) 147 32.000000
( 4)   0 0.000000
( 5)  10 0.000000
( 6)  10 0.000000
( 7)  10 0.000000
( 8)  66 3.000000
( 9)  66 2.000000
(10)  66 1.000000
(11)  20 0.000000
(12)  33 78.000000
(13)  33 78.000000
(14)  21 0.000000
(15)  21 0.000000
(16)  20 0.000000
(17)  33 70.000000
(18)  33 78.000000
(19)  33 73.000000
(20)  21 0.000000
(21)  21 0.000000
(22)  21 0.000000
(23)  20 0.000000
(24)  65 5.000000
(25)   9 0.000000
(26)  20 0.000000
(27)  65 5.000000
(28)  65 7.000000
(29)   9 0.000000
(30)   9 0.000000
(31)  20 0.000000
(32)  65 8.000000
(33)  33 0.000000
(34) 145 12.000000
(35)  65 8.000000
(36)  33 -1.000000
(37) 145 17.000000
(38)  65 8.000000
(39)  33 1.000000
(40) 145 24.000000
(41)  65 8.000000
(42)  33 2.000000
(43) 145 27.000000
(44)  20 0.000000
(45)  65 2.000000
(46)  65 2.000000
(47)   4 0.000000
(48)  33 4.000000
(49)  65 1.000000
(50)  65 3.000000
(51)   4 0.000000
(52)   4 0.000000 <-----
(53)   5 0.000000
(54)  66 4.000000
(55)  20 0.000000
(56)  33 -1.000000
(57)  66 8.000000
(58)  20 0.000000
(59)  33 0.000000
(60)  66 8.000000
(61)  20 0.000000
(62)  65 3.000000
(63)  33 0.000000
(64) 145 56.000000
(65) 140 59.000000
(66)  65 2.000000
(67)  33 0.000000
(68) 145 62.000000
(69)  65 2.000000
(70)  33 0.000000
(71)  65 3.000000
(72)   5 0.000000
(73)   6 0.000000
(74)  66 5.000000
(75)  33 1.000000
(76)  66 8.000000
(77)  20 0.000000
(78)  33 0.000000
(79)  65 2.000000
(80)   5 0.000000
(81)  33 2.000000
(82)  65 1.000000
(83)   4 0.000000
(84)   6 0.000000
(85)  66 5.000000
(86)  33 1.000000
(87)  66 8.000000
(88)  20 0.000000
(89)  65 1.000000
(90)  33 0.000000
(91) 145 66.000000
(92) 147 45.000000
(93)  65 4.000000
(94)  33 0.000000
(95) 141 59.000000
(96)  65 4.000000
(97)  33 0.000000
(98) 145 78.000000
(99)  65 4.000000
(100)   7 0.000000
(101)  33 0.000000
(102)  65 2.000000
(103)   5 0.000000
(104)   3 0.000000
(105)  65 1.000000
(106)  33 2.000000
(107)   4 0.000000
(108)   6 0.000000
(109)  66 5.000000
(110)  33 0.000000
(111)  65 2.000000
(112)   5 0.000000
(113)  65 4.000000
(114)   7 0.000000
(115)   5 0.000000
(116)  65 1.000000
(117)  33 2.000000
(118)   4 0.000000
(119)   6 0.000000
(120)  66 7.000000
(121)  33 2.000000
(122)  66 8.000000
(123)  20 0.000000

=======================================

=======================================
CPU DUMP CALL #23
Line: 52
------------NO_ERRORS----------
( 1) 147 5.000000
( 2) 147 89.000000
( 3) 147 32.000000
( 4)   0 0.000000
( 5)  10 0.000000
( 6)  10 0.000000
( 7)  10 0.000000
( 8)  66 3.000000
( 9)  66 2.000000
(10)  66 1.000000
(11)  20 0.000000
(12)  33 78.000000
(13)  33 78.000000
(14)  21 0.000000
(15)  21 0.000000
(16)  20 0.000000
(17)  33 70.000000
(18)  33 78.000000
(19)  33 73.000000
(20)  21 0.000000
(21)  21 0.000000
(22)  21 0.000000
(23)  20 0.000000
(24)  65 5.000000
(25)   9 0.000000
(26)  20 0.000000
(27)  65 5.000000
(28)  65 7.000000
(29)   9 0.000000
(30)   9 0.000000
(31)  20 0.000000
(32)  65 8.000000
(33)  33 0.000000
(34) 145 12.000000
(35)  65 8.000000
(36)  33 -1.000000
(37) 145 17.000000
(38)  65 8.000000
(39)  33 1.000000
(40) 145 24.000000
(41)  65 8.000000
(42)  33 2.000000
(43) 145 27.000000
(44)  20 0.000000
(45)  65 2.000000
(46)  65 2.000000
(47)   4 0.000000
(48)  33 4.000000
(49)  65 1.000000
(50)  65 3.000000
(51)   4 0.000000
(52)   4 0.000000
(53)   5 0.000000 <-----
(54)  66 4.000000
(55)  20 0.000000
(56)  33 -1.000000
(57)  66 8.000000
(58)  20 0.000000
(59)  33 0.000000
(60)  66 8.000000
(61)  20 0.000000
(62)  65 3.000000
(63)  33 0.000000
(64) 145 56.000000
(65) 140 59.000000
(66)  65 2.000000
(67)  33 0.000000
(68) 145 62.000000
(69)  65 2.000000
(70)  33 0.000000
(71)  65 3.000000
(72)   5 0.000000
(73)   6 0.000000
(74)  66 5.000000
(75)  33 1.000000
(76)  66 8.000000
(77)  20 0.000000
(78)  33 0.000000
(79)  65 2.000000
(80)   5 0.000000
(81)  33 2.000000
(82)  65 1.000000
(83)   4 0.000000
(84)   6 0.000000
(85)  66 5.000000
(86)  33 1.000000
(87)  66 8.000000
(88)  20 0.000000
(89)  65 1.000000
(90)  33 0.000000
(91) 145 66.000000
(92) 147 45.000000
(93)  65 4.000000
(94)  33 0.000000
(95) 141 59.000000
(96)  65 4.000000
(97)  33 0.000000
(98) 145 78.000000
(99)  65 4.000000
(100)   7 0.000000
(101)  33 0.000000
(102)  65 2.000000
(103)   5 0.000000
(104)   3 0.000000
(105)  65 1.000000
(106)  33 2.000000
(107)   4 0.000000
(108)   6 0.000000
(109)  66 5.000000
(110)  33 0.000000
(111)  65 2.000000
(112)   5 0.000000
(113)  65 4.000000
(114)   7 0.000000
(115)   5 0.000000
(116)  65 1.000000
(117)  33 2.000000
(118)   4 0.000000
(119)   6 0.000000
(120)  66 7.000000
(121)  33 2.000000
(122)  66 8.000000
(123)  20 0.000000

=======================================

=======================================
CPU DUMP CALL #24
Line: 53
------------NO_ERRORS----------
( 1) 147 5.000000
( 2) 147 89.000000
( 3) 147 32.000000
( 4)   0 0.000000
( 5)  10 0.000000
( 6)  10 0.000000
( 7)  10 0.000000
( 8)  66 3.000000
( 9)  66 2.000000
(10)  66 1.000000
(11)  20 0.000000
(12)  33 78.000000
(13)  33 78.000000
(14)  21 0.000000
(15)  21 0.000000
(16)  20 0.000000
(17)  33 70.000000
(18)  33 78.000000
(19)  33 73.000000
(20)  21 0.000000
(21)  21 0.000000
(22)  21 0.000000
(23)  20 0.000000
(24)  65 5.000000
(25)   9 0.000000
(26)  20 0.000000
(27)  65 5.000000
(28)  65 7.000000
(29)   9 0.000000
(30)   9 0.000000
(31)  20 0.000000
(32)  65 8.000000
(33)  33 0.000000
(34) 145 12.000000
(35)  65 8.000000
(36)  33 -1.000000
(37) 145 17.000000
(38)  65 8.000000
(39)  33 1.000000
(40) 145 24.000000
(41)  65 8.000000
(42)  33 2.000000
(43) 145 27.000000
(44)  20 0.000000
(45)  65 2.000000
(46)  65 2.000000
(47)   4 0.000000
(48)  33 4.000000
(49)  65 1.000000
(50)  65 3.000000
(51)   4 0.000000
(52)   4 0.000000
(53)   5 0.000000
(54)  66 4.000000 <-----
(55)  20 0.000000
(56)  33 -1.000000
(57)  66 8.000000
(58)  20 0.000000
(59)  33 0.000000
(60)  66 8.000000
(61)  20 0.000000
(62)  65 3.000000
(63)  33 0.000000
(64) 145 56.000000
(65) 140 59.000000
(66)  65 2.000000
(67)  33 0.000000
(68) 145 62.000000
(69)  65 2.000000
(70)  33 0.000000
(71)  65 3.000000
(72)   5 0.000000
(73)   6 0.000000
(74)  66 5.000000
(75)  33 1.000000
(76)  66 8.000000
(77)  20 0.000000
(78)  33 0.000000
(79)  65 2.000000
(80)   5 0.000000
(81)  33 2.000000
(82)  65 1.000000
(83)   4 0.000000
(84)   6 0.000000
(85)  66 5.000000
(86)  33 1.000000
(87)  66 8.000000
(88)  20 0.000000
(89)  65 1.000000
(90)  33 0.000000
(91) 145 66.000000
(92) 147 45.000000
(93)  65 4.000000
(94)  33 0.000000
(95) 141 59.000000
(96)  65 4.000000
(97)  33 0.000000
(98) 145 78.000000
(99)  65 4.000000
(100)   7 0.000000
(101)  33 0.000000
(102)  65 2.000000
(103)   5 0.000000
(104)   3 0.000000
(105)  65 1.000000
(106)  33 2.000000
(107)   4 0.000000
(108)   6 0.000000
(109)  66 5.000000
(110)  33 0.000000
(111)  65 2.000000
(112)   5 0.000000
(113)  65 4.000000
(114)   7 0.000000
(115)   5 0.000000
(116)  65 1.000000
(117)  33 2.000000
(118)   4 0.000000
(119)   6 0.000000
(120)  66 7.000000
(121)  33 2.000000
(122)  66 8.000000
(123)  20 0.000000

=======================================

=======================================
CPU DUMP CALL #25
Line: 54
------------NO_ERRORS----------
( 1) 147 5.000000
( 2) 147 89.000000
( 3) 147 32.000000
( 4)   0 0.000000
( 5)  10 0.000000
( 6)  10 0.000000
( 7)  10 0.000000
( 8)  66 3.000000
( 9)  66 2.000000
(10)  66 1.000000
(11)  20 0.000000
(12)  33 78.000000
(13)  33 78.000000
(14)  21 0.000000
(15)  21 0.000000
(16)  20 0.000000
(17)  33 70.000000
(18)  33 78.000000
(19)  33 73.000000
(20)  21 0.000000
(21)  21 0.000000
(22)  21 0.000000
(23)  20 0.000000
(24)  65 5.000000
(25)   9 0.000000
(26)  20 0.000000
(27)  65 5.000000
(28)  65 7.000000
(29)   9 0.000000
(30)   9 0.000000
(31)  20 0.000000
(32)  65 8.000000
(33)  33 0.000000
(34) 145 12.000000
(35)  65 8.000000
(36)  33 -1.000000
(37) 145 17.000000
(38)  65 8.000000
(39)  33 1.000000
(40) 145 24.000000
(41)  65 8.000000
(42)  33 2.000000
(43) 145 27.000000
(44)  20 0.000000
(45)  65 2.000000
(46)  65 2.000000
(47)   4 0.000000
(48)  33 4.000000
(49)  65 1.000000
(50)  65 3.000000
(51)   4 0.000000
(52)   4 0.000000
(53)   5 0.000000
(54)  66 4.000000
(55)  20 0.000000 <-----
(56)  33 -1.000000
(57)  66 8.000000
(58)  20 0.000000
(59)  33 0.000000
(60)  66 8.000000
(61)  20 0.000000
(62)  65 3.000000
(63)  33 0.000000
(64) 145 56.000000
(65) 140 59.000000
(66)  65 2.000000
(67)  33 0.000000
(68) 145 62.000000
(69)  65 2.000000
(70)  33 0.000000
(71)  65 3.000000
(72)   5 0.000000
(73)   6 0.000000
(74)  66 5.000000
(75)  33 1.000000
(76)  66 8.000000
(77)  20 0.000000
(78)  33 0.000000
(79)  65 2.000000
(80)   5 0.000000
(81)  33 2.000000
(82)  65 1.000000
(83)   4 0.000000
(84)   6 0.000000
(85)  66 5.000000
(86)  33 1.000000
(87)  66 8.000000
(88)  20 0.000000
(89)  65 1.000000
(90)  33 0.000000
(91) 145 66.000000
(92) 147 45.000000
(93)  65 4.000000
(94)  33 0.000000
(95) 141 59.000000
(96)  65 4.000000
(97)  33 0.000000
(98) 145 78.000000
(99)  65 4.000000
(100)   7 0.000000
(101)  33 0.000000
(102)  65 2.000000
(103)   5 0.000000
(104)   3 0.000000
(105)  65 1.000000
(106)  33 2.000000
(107)   4 0.000000
(108)   6 0.000000
(109)  66 5.000000
(110)  33 0.000000
(111)  65 2.000000
(112)   5 0.000000
(113)  65 4.000000
(114)   7 0.000000
(115)   5 0.000000
(116)  65 1.000000
(117)  33 2.000000
(118)   4 0.000000
(119)   6 0.000000
(120)  66 7.000000
(121)  33 2.000000
(122)  66 8.000000
(123)  20 0.000000

=======================================

=======================================
CPU DUMP CALL #26
Line: 92
------------NO_ERRORS----------
( 1) 147 5.000000
( 2) 147 89.000000
( 3) 147 32.000000
( 4)   0 0.000000
( 5)  10 0.000000
( 6)  10 0.000000
( 7)  10 0.000000
( 8)  66 3.000000
( 9)  66 2.000000
(10)  66 1.000000
(11)  20 0.000000
(12)  33 78.000000
(13)  33 78.000000
(14)  21 0.000000
(15)  21 0.000000
(16)  20 0.000000
(17)  33 70.000000
(18)  33 78.000000
(19)  33 73.000000
(20)  21 0.000000
(21)  21 0.000000
(22)  21 0.000000
(23)  20 0.000000
(24)  65 5.000000
(25)   9 0.000000
(26)  20 0.000000
(27)  65 5.000000
(28)  65 7.000000
(29)   9 0.000000
(30)   9 0.000000
(31)  20 0.000000
(32)  65 8.000000
(33)  33 0.000000
(34) 145 12.000000
(35)  65 8.000000
(36)  33 -1.000000
(37) 145 17.000000
(38)  65 8.000000
(39)  33 1.000000
(40) 145 24.000000
(41)  65 8.000000
(42)  33 2.000000
(43) 145 27.000000
(44)  20 0.000000
(45)  65 2.000000
(46)  65 2.000000
(47)   4 0.000000
(48)  33 4.000000
(49)  65 1.000000
(50)  65 3.000000
(51)   4 0.000000
(52)   4 0.000000
(53)   5 0.000000
(54)  66 4.000000
(55)  20 0.000000
(56)  33 -1.000000
(57)  66 8.000000
(58)  20 0.000000
(59)  33 0.000000
(60)  66 8.000000
(61)  20 0.000000
(62)  65 3.000000
(63)  33 0.000000
(64) 145 56.000000
(65) 140 59.000000
(66)  65 2.000000
(67)  33 0.000000
(68) 145 62.000000
(69)  65 2.000000
(70)  33 0.000000
(71)  65 3.000000
(72)   5 0.000000
(73)   6 0.000000
(74)  66 5.000000
(75)  33 1.000000
(76)  66 8.000000
(77)  20 0.000000
(78)  33 0.000000
(79)  65 2.000000
(80)   5 0.000000
(81)  33 2.000000
(82)  65 1.000000
(83)   4 0.000000
(84)   6 0.000000
(85)  66 5.000000
(86)  33 1.000000
(87)  66 8.000000
(88)  20 0.000000
(89)  65 1.000000
(90)  33 0.000000
(91) 145 66.000000
(92) 147 45.000000
(93)  65 4.000000 <-----
(94)  33 0.000000
(95) 141 59.000000
(96)  65 4.000000
(97)  33 0.000000
(98) 145 78.000000
(99)  65 4.000000
(100)   7 0.000000
(101)  33 0.000000
(102)  65 2.000000
(103)   5 0.000000
(104)   3 0.000000
(105)  65 1.000000
(106)  33 2.000000
(107)   4 0.000000
(108)   6 0.000000
(109)  66 5.000000
(110)  33 0.000000
(111)  65 2.000000
(112)   5 0.000000
(113)  65 4.000000
(114)   7 0.000000
(115)   5 0.000000
(116)  65 1.000000
(117)  33 2.000000
(118)   4 0.000000
(119)   6 0.000000
(120)  66 7.000000
(121)  33 2.000000
(122)  66 8.000000
(123)  20 0.000000

=======================================

=======================================
CPU DUMP CALL #27
Line: 93
------------NO_ERRORS----------
( 1) 147 5.000000
( 2) 147 89.000000
( 3) 147 32.000000
( 4)   0 0.000000
( 5)  10 0.000000
( 6)  10 0.000000
( 7)  10 0.000000
( 8)  66 3.000000
( 9)  66 2.000000
(10)  66 1.000000
(11)  20 0.000000
(12)  33 78.000000
(13)  33 78.000000
(14)  21 0.000000
(15)  21 0.000000
(16)  20 0.000000
(17)  33 70.000000
(18)  33 78.000000
(19)  33 73.000000
(20)  21 0.000000
(21)  21 0.000000
(22)  21 0.000000
(23)  20 0.000000
(24)  65 5.000000
(25)   9 0.000000
(26)  20 0.000000
(27)  65 5.000000
(28)  65 7.000000
(29)   9 0.000000
(30)   9 0.000000
(31)  20 0.000000
(32)  65 8.000000
(33)  33 0.000000
(34) 145 12.000000
(35)  65 8.000000
(36)  33 -1.000000
(37) 145 17.000000
(38)  65 8.000000
(39)  33 1.000000
(40) 145 24.000000
(41)  65 8.000000
(42)  33 2.000000
(43) 145 27.000000
(44)  20 0.000000
(45)  65 2.000000
(46)  65 2.000000
(47)   4 0.000000
(48)  33 4.000000
(49)  65 1.000000
(50)  65 3.000000
(51)   4 0.000000
(52)   4 0.000000
(53)   5 0.000000
(54)  66 4.000000
(55)  20 0.000000
(56)  33 -1.000000
(57)  66 8.000000
(58)  20 0.000000
(59)  33 0.000000
(60)  66 8.000000
(61)  20 0.000000
(62)  65 3.000000
(63)  33 0.000000
(64) 145 56.000000
(65) 140 59.000000
(66)  65 2.000000
(67)  33 0.000000
(68) 145 62.000000
(69)  65 2.000000
(70)  33 0.000000
(71)  65 3.000000
(72)   5 0.000000
(73)   6 0.000000
(74)  66 5.000000
(75)  33 1.000000
(76)  66 8.000000
(77)  20 0.000000
(78)  33 0.000000
(79)  65 2.000000
(80)   5 0.000000
(81)  33 2.000000
(82)  65 1.000000
(83)   4 0.000000
(84)   6 0.000000
(85)  66 5.000000
(86)  33 1.000000
(87)  66 8.000000
(88)  20 0.000000
(89)  65 1.000000
(90)  33 0.000000
(91) 145 66.000000
(92) 147 45.000000
(93)  65 4.000000
(94)  33 0.000000 <-----
(95) 141 59.000000
(96)  65 4.000000
(97)  33 0.000000
(98) 145 78.000000
(99)  65 4.000000
(100)   7 0.000000
(101)  33 0.000000
(102)  65 2.000000
(103)   5 0.000000
(104)   3 0.000000
(105)  65 1.000000
(106)  33 2.000000
(107)   4 0.000000
(108)   6 0.000000
(109)  66 5.000000
(110)  33 0.000000
(111)  65 2.000000
(112)   5 0.000000
(113)  65 4.000000
(114)   7 0.000000
(115)   5 0.000000
(116)  65 1.000000
(117)  33 2.000000
(118)   4 0.000000
(119)   6 0.000000
(120)  66 7.000000
(121)  33 2.000000
(122)  66 8.000000
(123)  20 0.000000

=======================================

=======================================
CPU DUMP CALL #28
Line: 94
------------NO_ERRORS----------
( 1) 147 5.000000
( 2) 147 89.000000
( 3) 147 32.000000
( 4)   0 0.000000
( 5)  10 0.000000
( 6)  10 0.000000
( 7)  10 0.000000
( 8)  66 3.000000
( 9)  66 2.000000
(10)  66 1.000000
(11)  20 0.000000
(12)  33 78.000000
(13)  33 78.000000
(14)  21 0.000000
(15)  21 0.000000
(16)  20 0.000000
(17)  33 70.000000
(18)  33 78.000000
(19)  33 73.000000
(20)  21 0.000000
(21)  21 0.000000
(22)  21 0.000000
(23)  20 0.000000
(24)  65 5.000000
(25)   9 0.000000
(26)  20 0.000000
(27)  65 5.000000
(28)  65 7.000000
(29)   9 0.000000
(30)   9 0.000000
(31)  20 0.000000
(32)  65 8.000000
(33)  33 0.000000
(34) 145 12.000000
(35)  65 8.000000
(36)  33 -1.000000
(37) 145 17.000000
(38)  65 8.000000
(39)  33 1.000000
(40) 145 24.000000
(41)  65 8.000000
(42)  33 2.000000
(43) 145 27.000000
(44)  20 0.000000
(45)  65 2.000000
(46)  65 2.000000
(47)   4 0.000000
(48)  33 4.000000
(49)  65 1.000000
(50)  65 3.000000
(51)   4 0.000000
(52)   4 0.000000
(53)   5 0.000000
(54)  66 4.000000
(55)  20 0.000000
(56)  33 -1.000000
(57)  66 8.000000
(58)  20 0.000000
(59)  33 0.000000
(60)  66 8.000000
(61)  20 0.000000
(62)  65 3.000000
(63)  33 0.000000
(64) 145 56.000000
(65) 140 59.000000
(66)  65 2.000000
(67)  33 0.000000
(68) 145 62.000000
(69)  65 2.000000
(70)  33 0.000000
(71)  65 3.000000
(72)   5 0.000000
(73)   6 0.000000
(74)  66 5.000000
(75)  33 1.000000
(76)  66 8.000000
(77)  20 0.000000
(78)  33 0.000000
(79)  65 2.000000
(80)   5 0.000000
(81)  33 2.000000
(82)  65 1.000000
(83)   4 0.000000
(84)   6 0.000000
(85)  66 5.000000
(86)  33 1.000000
(87)  66 8.000000
(88)  20 0.000000
(89)  65 1.000000
(90)  33 0.000000
(91) 145 66.000000
(92) 147 45.000000
(93)  65 4.000000
(94)  33 0.000000
(95) 141 59.000000 <-----
(96)  65 4.000000
(97)  33 0.000000
(98) 145 78.000000
(99)  65 4.000000
(100)   7 0.000000
(101)  33 0.000000
(102)  65 2.000000
(103)   5 0.000000
(104)   3 0.000000
(105)  65 1.000000
(106)  33 2.000000
(107)   4 0.000000
(108)   6 0.000000
(109)  66 5.000000
(110)  33 0.000000
(111)  65 2.000000
(112)   5 0.000000
(113)  65 4.000000
(114)   7 0.000000
(115)   5 0.000000
(116)  65 1.000000
(117)  33 2.000000
(118)   4 0.000000
(119)   6 0.000000
(120)  66 7.000000
(121)  33 2.000000
(122)  66 8.000000
(123)  20 0.000000

=======================================

=======================================
CPU DUMP CALL #29
Line: 58
------------NO_ERRORS----------
( 1) 147 5.000000
( 2) 147 89.000000
( 3) 147 32.000000
( 4)   0 0.000000
( 5)  10 0.000000
( 6)  10 0.000000
( 7)  10 0.000000
( 8)  66 3.000000
( 9)  66 2.000000
(10)  66 1.000000
(11)  20 0.000000
(12)  33 78.000000
(13)  33 78.000000
(14)  21 0.000000
(15)  21 0.000000
(16)  20 0.000000
(17)  33 70.000000
(18)  33 78.000000
(19)  33 73.000000
(20)  21 0.000000
(21)  21 0.000000
(22)  21 0.000000
(23)  20 0.000000
(24)  65 5.000000
(25)   9 0.000000
(26)  20 0.000000
(27)  65 5.000000
(28)  65 7.000000
(29)   9 0.000000
(30)   9 0.000000
(31)  20 0.000000
(32)  65 8.000000
(33)  33 0.000000
(34) 145 12.000000
(35)  65 8.000000
(36)  33 -1.000000
(37) 145 17.000000
(38)  65 8.000000
(39)  33 1.000000
(40) 145 24.000000
(41)  65 8.000000
(42)  33 2.000000
(43) 145 27.000000
(44)  20 0.000000
(45)  65 2.000000
(46)  65 2.000000
(47)   4 0.000000
(48)  33 4.000000
(49)  65 1.000000
(50)  65 3.000000
(51)   4 0.000000
(52)   4 0.000000
(53)   5 0.000000
(54)  66 4.000000
(55)  20 0.000000
(56)  33 -1.000000
(57)  66 8.000000
(58)  20 0.000000
(59)  33 0.000000 <-----
(60)  66 8.000000
(61)  20 0.000000
(62)  65 3.000000
(63)  33 0.000000
(64) 145 56.000000
(65) 140 59.000000
(66)  65 2.000000
(67)  33 0.000000
(68) 145 62.000000
(69)  65 2.000000
(70)  33 0.000000
(71)  65 3.000000
(72)   5 0.000000
(73)   6 0.000000
(74)  66 5.000000
(75)  33 1.000000
(76)  66 8.000000
(77)  20 0.000000
(78)  33 0.000000
(79)  65 2.000000
(80)   5 0.000000
(81)  33 2.000000
(82)  65 1.000000
(83)   4 0.000000
(84)   6 0.000000
(85)  66 5.000000
(86)  33 1.000000
(87)  66 8.000000
(88)  20 0.000000
(89)  65 1.000000
(90)  33 0.000000
(91) 145 66.000000
(92) 147 45.000000
(93)  65 4.000000
(94)  33 0.000000
(95) 141 59.000000
(96)  65 4.000000
(97)  33 0.000000
(98) 145 78.000000
(99)  65 4.000000
(100)   7 0.000000
(101)  33 0.000000
(102)  65 2.000000
(103)   5 0.000000
(104)   3 0.000000
(105)  65 1.000000
(106)  33 2.000000
(107)   4 0.000000
(108)   6 0.000000
(109)  66 5.000000
(110)  33 0.000000
(111)  65 2.000000
(112)   5 0.000000
(113)  65 4.000000
(114)   7 0.000000
(115)   5 0.000000
(116)  65 1.000000
(117)  33 2.000000
(118)   4 0.000000
(119)   6 0.000000
(120)  66 7.000000
(121)  33 2.000000
(122)  66 8.000000
(123)  20 0.000000

=======================================

=======================================
CPU DUMP CALL #30
Line: 59
------------NO_ERRORS----------
( 1) 147 5.000000
( 2) 147 89.000000
( 3) 147 32.000000
( 4)   0 0.000000
( 5)  10 0.000000
( 6)  10 0.000000
( 7)  10 0.000000
( 8)  66 3.000000
( 9)  66 2.000000
(10)  66 1.000000
(11)  20 0.000000
(12)  33 78.000000
(13)  33 78.000000
(14)  21 0.000000
(15)  21 0.000000
(16)  20 0.000000
(17)  33 70.000000
(18)  33 78.000000
(19)  33 73.000000
(20)  21 0.000000
(21)  21 0.000000
(22)  21 0.000000
(23)  20 0.000000
(24)  65 5.000000
(25)   9 0.000000
(26)  20 0.000000
(27)  65 5.000000
(28)  65 7.000000
(29)   9 0.000000
(30)   9 0.000000
(31)  20 0.000000
(32)  65 8.000000
(33)  33 0.000000
(34) 145 12.000000
(35)  65 8.000000
(36)  33 -1.000000
(37) 145 17.000000
(38)  65 8.000000
(39)  33 1.000000
(40) 145 24.000000
(41)  65 8.000000
(42)  33 2.000000
(43) 145 27.000000
(44)  20 0.000000
(45)  65 2.000000
(46)  65 2.000000
(47)   4 0.000000
(48)  33 4.000000
(49)  65 1.000000
(50)  65 3.000000
(51)   4 0.000000
(52)   4 0.000000
(53)   5 0.000000
(54)  66 4.000000
(55)  20 0.000000
(56)  33 -1.000000
(57)  66 8.000000
(58)  20 0.000000
(59)  33 0.000000
(60)  66 8.000000 <-----
(61)  20 0.000000
(62)  65 3.000000
(63)  33 0.000000
(64) 145 56.000000
(65) 140 59.000000
(66)  65 2.000000
(67)  33 0.000000
(68) 145 62.000000
(69)  65 2.000000
(70)  33 0.000000
(71)  65 3.000000
(72)   5 0.000000
(73)   6 0.000000
(74)  66 5.000000
(75)  33 1.000000
(76)  66 8.000000
(77)  20 0.000000
(78)  33 0.000000
(79)  65 2.000000
(80)   5 0.000000
(81)  33 2.000000
(82)  65 1.000000
(83)   4 0.000000
(84)   6 0.000000
(85)  66 5.000000
(86)  33 1.000000
(87)  66 8.000000
(88)  20 0.000000
(89)  65 1.000000
(90)  33 0.000000
(91) 145 66.000000
(92) 147 45.000000
(93)  65 4.000000
(94)  33 0.000000
(95) 141 59.000000
(96)  65 4.000000
(97)  33 0.000000
(98) 145 78.000000
(99)  65 4.000000
(100)   7 0.000000
(101)  33 0.000000
(102)  65 2.000000
(103)   5 0.000000
(104)   3 0.000000
(105)  65 1.000000
(106)  33 2.000000
(107)   4 0.000000
(108)   6 0.000000
(109)  66 5.000000
(110)  33 0.000000
(111)  65 2.000000
(112)   5 0.000000
(113)  65 4.000000
(114)   7 0.000000
(115)   5 0.000000
(116)  65 1.000000
(117)  33 2.000000
(118)   4 0.000000
(119)   6 0.000000
(120)  66 7.000000
(121)  33 2.000000
(122)  66 8.000000
(123)  20 0.000000

=======================================

=======================================
CPU DUMP CALL #31
Line: 60
------------NO_ERRORS----------
( 1) 147 5.000000
( 2) 147 89.000000
( 3) 147 32.000000
( 4)   0 0.000000
( 5)  10 0.000000
( 6)  10 0.000000
( 7)  10 0.000000
( 8)  66 3.000000
( 9)  66 2.000000
(10)  66 1.000000
(11)  20 0.000000
(12)  33 78.000000
(13)  33 78.000000
(14)  21 0.000000
(15)  21 0.000000
(16)  20 0.000000
(17)  33 70.000000
(18)  33 78.000000
(19)  33 73.000000
(20)  21 0.000000
(21)  21 0.000000
(22)  21 0.000000
(23)  20 0.000000
(24)  65 5.000000
(25)   9 0.000000
(26)  20 0.000000
(27)  65 5.000000
(28)  65 7.000000
(29)   9 0.000000
(30)   9 0.000000
(31)  20 0.000000
(32)  65 8.000000
(33)  33 0.000000
(34) 145 12.000000
(35)  65 8.000000
(36)  33 -1.000000
(37) 145 17.000000
(38)  65 8.000000
(39)  33 1.000000
(40) 145 24.000000
(41)  65 8.000000
(42)  33 2.000000
(43) 145 27.000000
(44)  20 0.000000
(45)  65 2.000000
(46)  65 2.000000
(47)   4 0.000000
(48)  33 4.000000
(49)  65 1.000000
(50)  65 3.000000
(51)   4 0.000000
(52)   4 0.000000
(53)   5 0.000000
(54)  66 4.000000
(55)  20 0.000000
(56)  33 -1.000000
(57)  66 8.000000
(58)  20 0.000000
(59)  33 0.000000
(60)  66 8.000000
(61)  20 0.000000 <-----
(62)  65 3.000000
(63)  33 0.000000
(64) 145 56.000000
(65) 140 59.000000
(66)  65 2.000000
(67)  33 0.000000
(68) 145 62.000000
(69)  65 2.000000
(70)  33 0.000000
(71)  65 3.000000
(72)   5 0.000000
(73)   6 0.000000
(74)  66 5.000000
(75)  33 1.000000
(76)  66 8.000000
(77)  20 0.000000
(78)  33 0.000000
(79)  65 2.000000
(80)   5 0.000000
(81)  33 2.000000
(82)  65 1.000000
(83)   4 0.000000
(84)   6 0.000000
(85)  66 5.000000
(86)  33 1.000000
(87)  66 8.000000
(88)  20 0.000000
(89)  65 1.000000
(90)  33 0.000000
(91) 145 66.000000
(92) 147 45.000000
(93)  65 4.000000
(94)  33 0.000000
(95) 141 59.000000
(96)  65 4.000000
(97)  33 0.000000
(98) 145 78.000000
(99)  65 4.000000
(100)   7 0.000000
(101)  33 0.000000
(102)  65 2.000000
(103)   5 0.000000
(104)   3 0.000000
(105)  65 1.000000
(106)  33 2.000000
(107)   4 0.000000
(108)   6 0.000000
(109)  66 5.000000
(110)  33 0.000000
(111)  65 2.000000
(112)   5 0.000000
(113)  65 4.000000
(114)   7 0.000000
(115)   5 0.000000
(116)  65 1.000000
(117)  33 2.000000
(118)   4 0.000000
(119)   6 0.000000
(120)  66 7.000000
(121)  33 2.000000
(122)  66 8.000000
(123)  20 0.000000

=======================================

=======================================
CPU DUMP CALL #32
Line: 2
------------NO_ERRORS----------
( 1) 147 5.000000
( 2) 147 89.000000
( 3) 147 32.000000 <-----
( 4)   0 0.000000
( 5)  10 0.000000
( 6)  10 0.000000
( 7)  10 0.000000
( 8)  66 3.000000
( 9)  66 2.000000
(10)  66 1.000000
(11)  20 0.000000
(12)  33 78.000000
(13)  33 78.000000
(14)  21 0.000000
(15)  21 0.000000
(16)  20 0.000000
(17)  33 70.000000
(18)  33 78.000000
(19)  33 73.000000
(20)  21 0.000000
(21)  21 0.000000
(22)  21 0.000000
(23)  20 0.000000
(24)  65 5.000000
(25)   9 0.000000
(26)  20 0.000000
(27)  65 5.000000
(28)  65 7.000000
(29)   9 0.000000
(30)   9 0.000000
(31)  20 0.000000
(32)  65 8.000000
(33)  33 0.000000
(34) 145 12.000000
(35)  65 8.000000
(36)  33 -1.000000
(37) 145 17.000000
(38)  65 8.000000
(39)  33 1.000000
(40) 145 24.000000
(41)  65 8.000000
(42)  33 2.000000
(43) 145 27.000000
(44)  20 0.000000
(45)  65 2.000000
(46)  65 2.000000
(47)   4 0.000000
(48)  33 4.000000
(49)  65 1.000000
(50)  65 3.000000
(51)   4 0.000000
(52)   4 0.000000
(53)   5 0.000000
(54)  66 4.000000
(55)  20 0.000000
(56)  33 -1.000000
(57)  66 8.000000
(58)  20 0.000000
(59)  33 0.000000
(60)  66 8.000000
(61)  20 0.000000
(62)  65 3.000000
(63)  33 0.000000
(64) 145 56.000000
(65) 140 59.000000
(66)  65 2.000000
(67)  33 0.000000
(68) 145 62.000000
(69)  65 2.000000
(70)  33 0.000000
(71)  65 3.000000
(72)   5 0.000000
(73)   6 0.000000
(74)  66 5.000000
(75)  33 1.000000
(76)  66 8.000000
(77)  20 0.000000
(78)  33 0.000000
(79)  65 2.000000
(80)   5 0.000000
(81)  33 2.000000
(82)  65 1.000000
(83)   4 0.000000
(84)   6 0.000000
(85)  66 5.000000
(86)  33 1.000000
(87)  66 8.000000
(88)  20 0.000000
(89)  65 1.000000
(90)  33 0.000000
(91) 145 66.000000
(92) 147 45.000000
(93)  65 4.000000
(94)  33 0.000000
(95) 141 59.000000
(96)  65 4.000000
(97)  33 0.000000
(98) 145 78.000000
(99)  65 4.000000
(100)   7 0.000000
(101)  33 0.000000
(102)  65 2.000000
(103)   5 0.000000
(104)   3 0.000000
(105)  65 1.000000
(106)  33 2.000000
(107)   4 0.000000
(108)   6 0.000000
(109)  66 5.000000
(110)  33 0.000000
(111)  65 2.000000
(112)   5 0.000000
(113)  65 4.000000
(114)   7 0.000000
(115)   5 0.000000
(116)  65 1.000000
(117)  33 2.000000
(118)   4 0.000000
(119)   6 0.000000
(120)  66 7.000000
(121)  33 2.000000
(122)  66 8.000000
(123)  20 0.000000

=======================================

=======================================
CPU DUMP CALL #33
Line: 31
------------NO_ERRORS----------
( 1) 147 5.000000
( 2) 147 89.000000
( 3) 147 32.000000
( 4)   0 0.000000
( 5)  10 0.000000
( 6)  10 0.000000
( 7)  10 0.000000
( 8)  66 3.000000
( 9)  66 2.000000
(10)  66 1.000000
(11)  20 0.000000
(12)  33 78.000000
(13)  33 78.000000
(14)  21 0.000000
(15)  21 0.000000
(16)  20 0.000000
(17)  33 70.000000
(18)  33 78.000000
(19)  33 73.000000
(20)  21 0.000000
(21)  21 0.000000
(22)  21 0.000000
(23)  20 0.000000
(24)  65 5.000000
(25)   9 0.000000
(26)  20 0.000000
(27)  65 5.000000
(28)  65 7.000000
(29)   9 0.000000
(30)   9 0.000000
(31)  20 0.000000
(32)  65 8.000000 <-----
(33)  33 0.000000
(34) 145 12.000000
(35)  65 8.000000
(36)  33 -1.000000
(37) 145 17.000000
(38)  65 8.000000
(39)  33 1.000000
(40) 145 24.000000
(41)  65 8.000000
(42)  33 2.000000
(43) 145 27.000000
(44)  20 0.000000
(45)  65 2.000000
(46)  65 2.000000
(47)   4 0.000000
(48)  33 4.000000
(49)  65 1.000000
(50)  65 3.000000
(51)   4 0.000000
(52)   4 0.000000
(53)   5 0.000000
(54)  66 4.000000
(55)  20 0.000000
(56)  33 -1.000000
(57)  66 8.000000
(58)  20 0.000000
(59)  33 0.000000
(60)  66 8.000000
(61)  20 0.000000
(62)  65 3.000000
(63)  33 0.000000
(64) 145 56.000000
(65) 140 59.000000
(66)  65 2.000000
(67)  33 0.000000
(68) 145 62.000000
(69)  65 2.000000
(70)  33 0.000000
(71)  65 3.000000
(72)   5 0.000000
(73)   6 0.000000
(74)  66 5.000000
(75)  33 1.000000
(76)  66 8.000000
(77)  20 0.000000
(78)  33 0.000000
(79)  65 2.000000
(80)   5 0.000000
(81)  33 2.000000
(82)  65 1.000000
(83)   4 0.000000
(84)   6 0.000000
(85)  66 5.000000
(86)  33 1.000000
(87)  66 8.000000
(88)  20 0.000000
(89)  65 1.000000
(90)  33 0.000000
(91) 145 66.000000
(92) 147 45.000000
(93)  65 4.000000
(94)  33 0.000000
(95) 141 59.000000
(96)  65 4.000000
(97)  33 0.000000
(98) 145 78.000000
(99)  65 4.000000
(100)   7 0.000000
(101)  33 0.000000
(102)  65 2.000000
(103)   5 0.000000
(104)   3 0.000000
(105)  65 1.000000
(106)  33 2.000000
(107)   4 0.000000
(108)   6 0.000000
(109)  66 5.000000
(110)  33 0.000000
(111)  65 2.000000
(112)   5 0.000000
(113)  65 4.000000
(114)   7 0.000000
(115)   5 0.000000
(116)  65 1.000000
(117)  33 2.000000
(118)   4 0.000000
(119)   6 0.000000
(120)  66 7.000000
(121)  33 2.000000
(122)  66 8.000000
(123)  20 0.000000

=======================================

=======================================
CPU DUMP CALL #34
Line: 32
------------NO_ERRORS----------
( 1) 147 5.000000
( 2) 147 89.000000
( 3) 147 32.000000
( 4)   0 0.000000
( 5)  10 0.000000
( 6)  10 0.000000
( 7)  10 0.000000
( 8)  66 3.000000
( 9)  66 2.000000
(10)  66 1.000000
(11)  20 0.000000
(12)  33 78.000000
(13)  33 78.000000
(14)  21 0.000000
(15)  21 0.000000
(16)  20 0.000000
(17)  33 70.000000
(18)  33 78.000000
(19)  33 73.000000
(20)  21 0.000000
(21)  21 0.000000
(22)  21 0.000000
(23)  20 0.000000
(24)  65 5.000000
(25)   9 0.000000
(26)  20 0.000000
(27)  65 5.000000
(28)  65 7.000000
(29)   9 0.000000
(30)   9 0.000000
(31)  20 0.000000
(32)  65 8.000000
(33)  33 0.000000 <-----
(34) 145 12.000000
(35)  65 8.000000
(36)  33 -1.000000
(37) 145 17.000000
(38)  65 8.000000
(39)  33 1.000000
(40) 145 24.000000
(41)  65 8.000000
(42)  33 2.000000
(43) 145 27.000000
(44)  20 0.000000
(45)  65 2.000000
(46)  65 2.000000
(47)   4 0.000000
(48)  33 4.000000
(49)  65 1.000000
(50)  65 3.000000
(51)   4 0.000000
(52)   4 0.000000
(53)   5 0.000000
(54)  66 4.000000
(55)  20 0.000000
(56)  33 -1.000000
(57)  66 8.000000
(58)  20 0.000000
(59)  33 0.000000
(60)  66 8.000000
(61)  20 0.000000
(62)  65 3.000000
(63)  33 0.000000
(64) 145 56.000000
(65) 140 59.000000
(66)  65 2.000000
(67)  33 0.000000
(68) 145 62.000000
(69)  65 2.000000
(70)  33 0.000000
(71)  65 3.000000
(72)   5 0.000000
(73)   6 0.000000
(74)  66 5.000000
(75)  33 1.000000
(76)  66 8.000000
(77)  20 0.000000
(78)  33 0.000000
(79)  65 2.000000
(80)   5 0.000000
(81)  33 2.000000
(82)  65 1.000000
(83)   4 0.000000
(84)   6 0.000000
(85)  66 5.000000
(86)  33 1.000000
(87)  66 8.000000
(88)  20 0.000000
(89)  65 1.000000
(90)  33 0.000000
(91) 145 66.000000
(92) 147 45.000000
(93)  65 4.000000
(94)  33 0.000000
(95) 141 59.000000
(96)  65 4.000000
(97)  33 0.000000
(98) 145 78.000000
(99)  65 4.000000
(100)   7 0.000000
(101)  33 0.000000
(102)  65 2.000000
(103)   5 0.000000
(104)   3 0.000000
(105)  65 1.000000
(106)  33 2.000000
(107)   4 0.000000
(108)   6 0.000000
(109)  66 5.000000
(110)  33 0.000000
(111)  65 2.000000
(112)   5 0.000000
(113)  65 4.000000
(114)   7 0.000000
(115)   5 0.000000
(116)  65 1.000000
(117)  33 2.000000
(118)   4 0.000000
(119)   6 0.000000
(120)  66 7.000000
(121)  33 2.000000
(122)  66 8.000000
(123)  20 0.000000

=======================================

=======================================
CPU DUMP CALL #35
Line: 33
------------NO_ERRORS----------
( 1) 147 5.000000
( 2) 147 89.000000
( 3) 147 32.000000
( 4)   0 0.000000
( 5)  10 0.000000
( 6)  10 0.000000
( 7)  10 0.000000
( 8)  66 3.000000
( 9)  66 2.000000
(10)  66 1.000000
(11)  20 0.000000
(12)  33 78.000000
(13)  33 78.000000
(14)  21 0.000000
(15)  21 0.000000
(16)  20 0.000000
(17)  33 70.000000
(18)  33 78.000000
(19)  33 73.000000
(20)  21 0.000000
(21)  21 0.000000
(22)  21 0.000000
(23)  20 0.000000
(24)  65 5.000000
(25)   9 0.000000
(26)  20 0.000000
(27)  65 5.000000
(28)  65 7.000000
(29)   9 0.000000
(30)   9 0.000000
(31)  20 0.000000
(32)  65 8.000000
(33)  33 0.000000
(34) 145 12.000000 <-----
(35)  65 8.000000
(36)  33 -1.000000
(37) 145 17.000000
(38)  65 8.000000
(39)  33 1.000000
(40) 145 24.000000
(41)  65 8.000000
(42)  33 2.000000
(43) 145 27.000000
(44)  20 0.000000
(45)  65 2.000000
(46)  65 2.000000
(47)   4 0.000000
(48)  33 4.000000
(49)  65 1.000000
(50)  65 3.000000
(51)   4 0.000000
(52)   4 0.000000
(53)   5 0.000000
(54)  66 4.000000
(55)  20 0.000000
(56)  33 -1.000000
(57)  66 8.000000
(58)  20 0.000000
(59)  33 0.000000
(60)  66 8.000000
(61)  20 0.000000
(62)  65 3.000000
(63)  33 0.000000
(64) 145 56.000000
(65) 140 59.000000
(66)  65 2.000000
(67)  33 0.000000
(68) 145 62.000000
(69)  65 2.000000
(70)  33 0.000000
(71)  65 3.000000
(72)   5 0.000000
(73)   6 0.000000
(74)  66 5.000000
(75)  33 1.000000
(76)  66 8.000000
(77)  20 0.000000
(78)  33 0.000000
(79)  65 2.000000
(80)   5 0.000000
(81)  33 2.000000
(82)  65 1.000000
(83)   4 0.000000
(84)   6 0.000000
(85)  66 5.000000
(86)  33 1.000000
(87)  66 8.000000
(88)  20 0.000000
(89)  65 1.000000
(90)  33 0.000000
(91) 145 66.000000
(92) 147 45.000000
(93)  65 4.000000
(94)  33 0.000000
(95) 141 59.000000
(96)  65 4.000000
(97)  33 0.000000
(98) 145 78.000000
(99)  65 4.000000
(100)   7 0.000000
(101)  33 0.000000
(102)  65 2.000000
(103)   5 0.000000
(104)   3 0.000000
(105)  65 1.000000
(106)  33 2.000000
(107)   4 0.000000
(108)   6 0.000000
(109)  66 5.000000
(110)  33 0.000000
(111)  65 2.000000
(112)   5 0.000000
(113)  65 4.000000
(114)   7 0.000000
(115)   5 0.000000
(116)  65 1.000000
(117)  33 2.000000
(118)   4 0.000000
(119)   6 0.000000
(120)  66 7.000000
(121)  33 2.000000
(122)  66 8.000000
(123)  20 0.000000

=======================================

=======================================
CPU DUMP CALL #36
Line: 11
------------NO_ERRORS----------
( 1) 147 5.000000
( 2) 147 89.000000
( 3) 147 32.000000
( 4)   0 0.000000
( 5)  10 0.000000
( 6)  10 0.000000
( 7)  10 0.000000
( 8)  66 3.000000
( 9)  66 2.000000
(10)  66 1.000000
(11)  20 0.000000
(12)  33 78.000000 <-----
(13)  33 78.000000
(14)  21 0.000000
(15)  21 0.000000
(16)  20 0.000000
(17)  33 70.000000
(18)  33 78.000000
(19)  33 73.000000
(20)  21 0.000000
(21)  21 0.000000
(22)  21 0.000000
(23)  20 0.000000
(24)  65 5.000000
(25)   9 0.000000
(26)  20 0.000000
(27)  65 5.000000
(28)  65 7.000000
(29)   9 0.000000
(30)   9 0.000000
(31)  20 0.000000
(32)  65 8.000000
(33)  33 0.000000
(34) 145 12.000000
(35)  65 8.000000
(36)  33 -1.000000
(37) 145 17.000000
(38)  65 8.000000
(39)  33 1.000000
(40) 145 24.000000
(41)  65 8.000000
(42)  33 2.000000
(43) 145 27.000000
(44)  20 0.000000
(45)  65 2.000000
(46)  65 2.000000
(47)   4 0.000000
(48)  33 4.000000
(49)  65 1.000000
(50)  65 3.000000
(51)   4 0.000000
(52)   4 0.000000
(53)   5 0.000000
(54)  66 4.000000
(55)  20 0.000000
(56)  33 -1.000000
(57)  66 8.000000
(58)  20 0.000000
(59)  33 0.000000
(60)  66 8.000000
(61)  20 0.000000
(62)  65 3.000000
(63)  33 0.000000
(64) 145 56.000000
(65) 140 59.000000
(66)  65 2.000000
(67)  33 0.000000
(68) 145 62.000000
(69)  65 2.000000
(70)  33 0.000000
(71)  65 3.000000
(72)   5 0.000000
(73)   6 0.000000
(74)  66 5.000000
(75)  33 1.000000
(76)  66 8.000000
(77)  20 0.000000
(78)  33 0.000000
(79)  65 2.000000
(80)   5 0.000000
(81)  33 2.000000
(82)  65 1.000000
(83)   4 0.000000
(84)   6 0.000000
(85)  66 5.000000
(86)  33 1.000000
(87)  66 8.000000
(88)  20 0.000000
(89)  65 1.000000
(90)  33 0.000000
(91) 145 66.000000
(92) 147 45.000000
(93)  65 4.000000
(94)  33 0.000000
(95) 141 59.000000
(96)  65 4.000000
(97)  33 0.000000
(98) 145 78.000000
(99)  65 4.000000
(100)   7 0.000000
(101)  33 0.000000
(102)  65 2.000000
(103)   5 0.000000
(104)   3 0.000000
(105)  65 1.000000
(106)  33 2.000000
(107)   4 0.000000
(108)   6 0.000000
(109)  66 5.000000
(110)  33 0.000000
(111)  65 2.000000
(112)   5 0.000000
(113)  65 4.000000
(114)   7 0.000000
(115)   5 0.000000
(116)  65 1.000000
(117)  33 2.000000
(118)   4 0.000000
(119)   6 0.000000
(120)  66 7.000000
(121)  33 2.000000
(122)  66 8.000000
(123)  20 0.000000

=======================================

=======================================
CPU DUMP CALL #37
Line: 12
------------NO_ERRORS----------
( 1) 147 5.000000
( 2) 147 89.000000
( 3) 147 32.000000
( 4)   0 0.000000
( 5)  10 0.000000
( 6)  10 0.000000
( 7)  10 0.000000
( 8)  66 3.000000
( 9)  66 2.000000
(10)  66 1.000000
(11)  20 0.000000
(12)  33 78.000000
(13)  33 78.000000 <-----
(14)  21 0.000000
(15)  21 0.000000
(16)  20 0.000000
(17)  33 70.000000
(18)  33 78.000000
(19)  33 73.000000
(20)  21 0.000000
(21)  21 0.000000
(22)  21 0.000000
(23)  20 0.000000
(24)  65 5.000000
(25)   9 0.000000
(26)  20 0.000000
(27)  65 5.000000
(28)  65 7.000000
(29)   9 0.000000
(30)   9 0.000000
(31)  20 0.000000
(32)  65 8.000000
(33)  33 0.000000
(34) 145 12.000000
(35)  65 8.000000
(36)  33 -1.000000
(37) 145 17.000000
(38)  65 8.000000
(39)  33 1.000000
(40) 145 24.000000
(41)  65 8.000000
(42)  33 2.000000
(43) 145 27.000000
(44)  20 0.000000
(45)  65 2.000000
(46)  65 2.000000
(47)   4 0.000000
(48)  33 4.000000
(49)  65 1.000000
(50)  65 3.000000
(51)   4 0.000000
(52)   4 0.000000
(53)   5 0.000000
(54)  66 4.000000
(55)  20 0.000000
(56)  33 -1.000000
(57)  66 8.000000
(58)  20 0.000000
(59)  33 0.000000
(60)  66 8.000000
(61)  20 0.000000
(62)  65 3.000000
(63)  33 0.000000
(64) 145 56.000000
(65) 140 59.000000
(66)  65 2.000000
(67)  33 0.000000
(68) 145 62.000000
(69)  65 2.000000
(70)  33 0.000000
(71)  65 3.000000
(72)   5 0.000000
(73)   6 0.000000
(74)  66 5.000000
(75)  33 1.000000
(76)  66 8.000000
(77)  20 0.000000
(78)  33 0.000000
(79)  65 2.000000
(80)   5 0.000000
(81)  33 2.000000
(82)  65 1.000000
(83)   4 0.000000
(84)   6 0.000000
(85)  66 5.000000
(86)  33 1.000000
(87)  66 8.000000
(88)  20 0.000000
(89)  65 1.000000
(90)  33 0.000000
(91) 145 66.000000
(92) 147 45.000000
(93)  65 4.000000
(94)  33 0.000000
(95) 141 59.000000
(96)  65 4.000000
(97)  33 0.000000
(98) 145 78.000000
(99)  65 4.000000
(100)   7 0.000000
(101)  33 0.000000
(102)  65 2.000000
(103)   5 0.000000
(104)   3 0.000000
(105)  65 1.000000
(106)  33 2.000000
(107)   4 0.000000
(108)   6 0.000000
(109)  66 5.000000
(110)  33 0.000000
(111)  65 2.000000
(112)   5 0.000000
(113)  65 4.000000
(114)   7 0.000000
(115)   5 0.000000
(116)  65 1.000000
(117)  33 2.000000
(118)   4 0.000000
(119)   6 0.000000
(120)  66 7.000000
(121)  33 2.000000
(122)  66 8.000000
(123)  20 0.000000

=======================================

=======================================
CPU DUMP CALL #38
Line: 13
------------NO_ERRORS----------
( 1) 147 5.000000
( 2) 147 89.000000
( 3) 147 32.000000
( 4)   0 0.000000
( 5)  10 0.000000
( 6)  10 0.000000
( 7)  10 0.000000
( 8)  66 3.000000
( 9)  66 2.000000
(10)  66 1.000000
(11)  20 0.000000
(12)  33 78.000000
(13)  33 78.000000
(14)  21 0.000000 <-----
(15)  21 0.000000
(16)  20 0.000000
(17)  33 70.000000
(18)  33 78.000000
(19)  33 73.000000
(20)  21 0.000000
(21)  21 0.000000
(22)  21 0.000000
(23)  20 0.000000
(24)  65 5.000000
(25)   9 0.000000
(26)  20 0.000000
(27)  65 5.000000
(28)  65 7.000000
(29)   9 0.000000
(30)   9 0.000000
(31)  20 0.000000
(32)  65 8.000000
(33)  33 0.000000
(34) 145 12.000000
(35)  65 8.000000
(36)  33 -1.000000
(37) 145 17.000000
(38)  65 8.000000
(39)  33 1.000000
(40) 145 24.000000
(41)  65 8.000000
(42)  33 2.000000
(43) 145 27.000000
(44)  20 0.000000
(45)  65 2.000000
(46)  65 2.000000
(47)   4 0.000000
(48)  33 4.000000
(49)  65 1.000000
(50)  65 3.000000
(51)   4 0.000000
(52)   4 0.000000
(53)   5 0.000000
(54)  66 4.000000
(55)  20 0.000000
(56)  33 -1.000000
(57)  66 8.000000
(58)  20 0.000000
(59)  33 0.000000
(60)  66 8.000000
(61)  20 0.000000
(62)  65 3.000000
(63)  33 0.000000
(64) 145 56.000000
(65) 140 59.000000
(66)  65 2.000000
(67)  33 0.000000
(68) 145 62.000000
(69)  65 2.000000
(70)  33 0.000000
(71)  65 3.000000
(72)   5 0.000000
(73)   6 0.000000
(74)  66 5.000000
(75)  33 1.000000
(76)  66 8.000000
(77)  20 0.000000
(78)  33 0.000000
(79)  65 2.000000
(80)   5 0.000000
(81)  33 2.000000
(82)  65 1.000000
(83)   4 0.000000
(84)   6 0.000000
(85)  66 5.000000
(86)  33 1.000000
(87)  66 8.000000
(88)  20 0.000000
(89)  65 1.000000
(90)  33 0.000000
(91) 145 66.000000
(92) 147 45.000000
(93)  65 4.000000
(94)  33 0.000000
(95) 141 59.000000
(96)  65 4.000000
(97)  33 0.000000
(98) 145 78.000000
(99)  65 4.000000
(100)   7 0.000000
(101)  33 0.000000
(102)  65 2.000000
(103)   5 0.000000
(104)   3 0.000000
(105)  65 1.000000
(106)  33 2.000000
(107)   4 0.000000
(108)   6 0.000000
(109)  66 5.000000
(110)  33 0.000000
(111)  65 2.000000
(112)   5 0.000000
(113)  65 4.000000
(114)   7 0.000000
(115)   5 0.000000
(116)  65 1.000000
(117)  33 2.000000
(118)   4 0.000000
(119)   6 0.000000
(120)  66 7.000000
(121)  33 2.000000
(122)  66 8.000000
(123)  20 0.000000

=======================================

=======================================
CPU DUMP CALL #39
Line: 14
------------NO_ERRORS----------
( 1) 147 5.000000
( 2) 147 89.000000
( 3) 147 32.000000
( 4)   0 0.000000
( 5)  10 0.000000
( 6)  10 0.000000
( 7)  10 0.000000
( 8)  66 3.000000
( 9)  66 2.000000
(10)  66 1.000000
(11)  20 0.000000
(12)  33 78.000000
(13)  33 78.000000
(14)  21 0.000000
(15)  21 0.000000 <-----
(16)  20 0.000000
(17)  33 70.000000
(18)  33 78.000000
(19)  33 73.000000
(20)  21 0.000000
(21)  21 0.000000
(22)  21 0.000000
(23)  20 0.000000
(24)  65 5.000000
(25)   9 0.000000
(26)  20 0.000000
(27)  65 5.000000
(28)  65 7.000000
(29)   9 0.000000
(30)   9 0.000000
(31)  20 0.000000
(32)  65 8.000000
(33)  33 0.000000
(34) 145 12.000000
(35)  65 8.000000
(36)  33 -1.000000
(37) 145 17.000000
(38)  65 8.000000
(39)  33 1.000000
(40) 145 24.000000
(41)  65 8.000000
(42)  33 2.000000
(43) 145 27.000000
(44)  20 0.000000
(45)  65 2.000000
(46)  65 2.000000
(47)   4 0.000000
(48)  33 4.000000
(49)  65 1.000000
(50)  65 3.000000
(51)   4 0.000000
(52)   4 0.000000
(53)   5 0.000000
(54)  66 4.000000
(55)  20 0.000000
(56)  33 -1.000000
(57)  66 8.000000
(58)  20 0.000000
(59)  33 0.000000
(60)  66 8.000000
(61)  20 0.000000
(62)  65 3.000000
(63)  33 0.000000
(64) 145 56.000000
(65) 140 59.000000
(66)  65 2.000000
(67)  33 0.000000
(68) 145 62.000000
(69)  65 2.000000
(70)  33 0.000000
(71)  65 3.000000
(72)   5 0.000000
(73)   6 0.000000
(74)  66 5.000000
(75)  33 1.000000
(76)  66 8.000000
(77)  20 0.000000
(78)  33 0.000000
(79)  65 2.000000
(80)   5 0.000000
(81)  33 2.000000
(82)  65 1.000000
(83)   4 0.000000
(84)   6 0.000000
(85)  66 5.000000
(86)  33 1.000000
(87)  66 8.000000
(88)  20 0.000000
(89)  65 1.000000
(90)  33 0.000000
(91) 145 66.000000
(92) 147 45.000000
(93)  65 4.000000
(94)  33 0.000000
(95) 141 59.000000
(96)  65 4.000000
(97)  33 0.000000
(98) 145 78.000000
(99)  65 4.000000
(100)   7 0.000000
(101)  33 0.000000
(102)  65 2.000000
(103)   5 0.000000
(104)   3 0.000000
(105)  65 1.000000
(106)  33 2.000000
(107)   4 0.000000
(108)   6 0.000000
(109)  66 5.000000
(110)  33 0.000000
(111)  65 2.000000
(112)   5 0.000000
(113)  65 4.000000
(114)   7 0.000000
(115)   5 0.000000
(116)  65 1.000000
(117)  33 2.000000
(118)   4 0.000000
(119)   6 0.000000
(120)  66 7.000000
(121)  33 2.000000
(122)  66 8.000000
(123)  20 0.000000

=======================================

=======================================
CPU DUMP CALL #40
Line: 15
------------NO_ERRORS----------
( 1) 147 5.000000
( 2) 147 89.000000
( 3) 147 32.000000
( 4)   0 0.000000
( 5)  10 0.000000
( 6)  10 0.000000
( 7)  10 0.000000
( 8)  66 3.000000
( 9)  66 2.000000
(10)  66 1.000000
(11)  20 0.000000
(12)  33 78.000000
(13)  33 78.000000
(14)  21 0.000000
(15)  21 0.000000
(16)  20 0.000000 <-----
(17)  33 70.000000
(18)  33 78.000000
(19)  33 73.000000
(20)  21 0.000000
(21)  21 0.000000
(22)  21 0.000000
(23)  20 0.000000
(24)  65 5.000000
(25)   9 0.000000
(26)  20 0.000000
(27)  65 5.000000
(28)  65 7.000000
(29)   9 0.000000
(30)   9 0.000000
(31)  20 0.000000
(32)  65 8.000000
(33)  33 0.000000
(34) 145 12.000000
(35)  65 8.000000
(36)  33 -1.000000
(37) 145 17.000000
(38)  65 8.000000
(39)  33 1.000000
(40) 145 24.000000
(41)  65 8.000000
(42)  33 2.000000
(43) 145 27.000000
(44)  20 0.000000
(45)  65 2.000000
(46)  65 2.000000
(47)   4 0.000000
(48)  33 4.000000
(49)  65 1.000000
(50)  65 3.000000
(51)   4 0.000000
(52)   4 0.000000
(53)   5 0.000000
(54)  66 4.000000
(55)  20 0.000000
(56)  33 -1.000000
(57)  66 8.000000
(58)  20 0.000000
(59)  33 0.000000
(60)  66 8.000000
(61)  20 0.000000
(62)  65 3.000000
(63)  33 0.000000
(64) 145 56.000000
(65) 140 59.000000
(66)  65 2.000000
(67)  33 0.000000
(68) 145 62.000000
(69)  65 2.000000
(70)  33 0.000000
(71)  65 3.000000
(72)   5 0.000000
(73)   6 0.000000
(74)  66 5.000000
(75)  33 1.000000
(76)  66 8.000000
(77)  20 0.000000
(78)  33 0.000000
(79)  65 2.000000
(80)   5 0.000000
(81)  33 2.000000
(82)  65 1.000000
(83)   4 0.000000
(84)   6 0.000000
(85)  66 5.000000
(86)  33 1.000000
(87)  66 8.000000
(88)  20 0.000000
(89)  65 1.000000
(90)  33 0.000000
(91) 145 66.000000
(92) 147 45.000000
(93)  65 4.000000
(94)  33 0.000000
(95) 141 59.000000
(96)  65 4.000000
(97)  33 0.000000
(98) 145 78.000000
(99)  65 4.000000
(100)   7 0.000000
(101)  33 0.000000
(102)  65 2.000000
(103)   5 0.000000
(104)   3 0.000000
(105)  65 1.000000
(106)  33 2.000000
(107)   4 0.000000
(108)   6 0.000000
(109)  66 5.000000
(110)  33 0.000000
(111)  65 2.000000
(112)   5 0.000000
(113)  65 4.000000
(114)   7 0.000000
(115)   5 0.000000
(116)  65 1.000000
(117)  33 2.000000
(118)   4 0.000000
(119)   6 0.000000
(120)  66 7.000000
(121)  33 2.000000
(122)  66 8.000000
(123)  20 0.000000

=======================================

=======================================
CPU DUMP CALL #41
Line: 3
------------NO_ERRORS----------
( 1) 147 5.000000
( 2) 147 89.000000
( 3) 147 32.000000
( 4)   0 0.000000 <-----
( 5)  10 0.000000
( 6)  10 0.000000
( 7)  10 0.000000
( 8)  66 3.000000
( 9)  66 2.000000
(10)  66 1.000000
(11)  20 0.000000
(12)  33 78.000000
(13)  33 78.000000
(14)  21 0.000000
(15)  21 0.000000
(16)  20 0.000000
(17)  33 70.000000
(18)  33 78.000000
(19)  33 73.000000
(20)  21 0.000000
(21)  21 0.000000
(22)  21 0.000000
(23)  20 0.000000
(24)  65 5.000000
(25)   9 0.000000
(26)  20 0.000000
(27)  65 5.000000
(28)  65 7.000000
(29)   9 0.000000
(30)   9 0.000000
(31)  20 0.000000
(32)  65 8.000000
(33)  33 0.000000
(34) 145 12.000000
(35)  65 8.000000
(36)  33 -1.000000
(37) 145 17.000000
(38)  65 8.000000
(39)  33 1.000000
(40) 145 24.000000
(41)  65 8.000000
(42)  33 2.000000
(43) 145 27.000000
(44)  20 0.000000
(45)  65 2.000000
(46)  65 2.000000
(47)   4 0.000000
(48)  33 4.000000
(49)  65 1.000000
(50)  65 3.000000
(51)   4 0.000000
(52)   4 0.000000
(53)   5 0.000000
(54)  66 4.000000
(55)  20 0.000000
(56)  33 -1.000000
(57)  66 8.000000
(58)  20 0.000000
(59)  33 0.000000
(60)  66 8.000000
(61)  20 0.000000
(62)  65 3.000000
(63)  33 0.000000
(64) 145 56.000000
(65) 140 59.000000
(66)  65 2.000000
(67)  33 0.000000
(68) 145 62.000000
(69)  65 2.000000
(70)  33 0.000000
(71)  65 3.000000
(72)   5 0.000000
(73)   6 0.000000
(74)  66 5.000000
(75)  33 1.000000
(76)  66 8.000000
(77)  20 0.000000
(78)  33 0.000000
(79)  65 2.000000
(80)   5 0.000000
(81)  33 2.000000
(82)  65 1.000000
(83)   4 0.000000
(84)   6 0.000000
(85)  66 5.000000
(86)  33 1.000000
(87)  66 8.000000
(88)  20 0.000000
(89)  65 1.000000
(90)  33 0.000000
(91) 145 66.000000
(92) 147 45.000000
(93)  65 4.000000
(94)  33 0.000000
(95) 141 59.000000
(96)  65 4.000000
(97)  33 0.000000
(98) 145 78.000000
(99)  65 4.000000
(100)   7 0.000000
(101)  33 0.000000
(102)  65 2.000000
(103)   5 0.000000
(104)   3 0.000000
(105)  65 1.000000
(106)  33 2.000000
(107)   4 0.000000
(108)   6 0.000000
(109)  66 5.000000
(110)  33 0.000000
(111)  65 2.000000
(112)   5 0.000000
(113)  65 4.000000
(114)   7 0.000000
(115)   5 0.000000
(116)  65 1.000000
(117)  33 2.000000
(118)   4 0.000000
(119)   6 0.000000
(120)  66 7.000000
(121)  33 2.000000
(122)  66 8.000000
(123)  20 0.000000

=======================================

